1.224667191253319132e+01 2.468010904282578188e-01 -3.919931306419930817e+00
1.064928979814079568e+01 -1.278621880474257066e+00 -4.095238628038444517e+00
1.101833008212840070e+01 -5.058868267995650037e+00 -5.068227454090441064e+00
8.821999647571326264e+00 -7.561589438044848066e+00 -6.357662480002926664e+00
6.153833411531092423e+00 -9.400622605214413952e+00 -6.790307408558727609e+00
3.034372979302877305e+00 -1.072310958036437256e+01 -6.597034584109175093e+00
2.877828278380030469e-02 -1.144238991267463845e+01 -5.491149985167077752e+00
-2.620923582280003661e+00 -1.145221227664742081e+01 -3.612544503132529172e+00
-5.070055240456706080e+00 -1.068153732833429359e+01 -1.149156378524966771e+00
-7.329791432559741082e+00 -9.417314611866702379e+00 1.690963113746974722e+00
-9.090020887386033976e+00 -7.583930643663274296e+00 4.226021486007187633e+00
-9.961853588580938279e+00 -5.238213355658152715e+00 6.071247073203869249e+00
-9.941436208376092765e+00 -2.922571685548081888e+00 7.083340013530389001e+00
-9.482408561828291838e+00 -8.239693929708188369e-01 7.210296112287844394e+00
-8.826185989755332528e+00 1.112031721374158177e+00 6.873539393144870502e+00
-7.803038106025023346e+00 2.824391110890735135e+00 6.100317053960575997e+00
-6.458382762207695471e+00 4.330789819773572802e+00 4.923493530101076487e+00
-4.941663522030436795e+00 5.386603752737742390e+00 3.398045559790728198e+00
-3.473680410382447459e+00 5.859625920220852713e+00 1.585324350144848848e+00
-2.209846670277162417e+00 5.856644489937648856e+00 -3.725287151459908408e-01
-1.168334916009151181e+00 5.397613402607154498e+00 -2.372205656426049636e+00
-4.047972484312925001e-01 4.512518093484473525e+00 -4.325768630221397792e+00
-3.926027083511891141e-02 3.307143275582982600e+00 -6.025288553993945584e+00
-7.179827674250709169e-02 1.924137643608245352e+00 -7.218248786080486923e+00
-4.907016755709931455e-01 5.317200463731468485e-01 -7.749763840140970750e+00
-1.259607447893633880e+00 -6.851528459825523276e-01 -7.523259917124950569e+00
-2.265630520467180720e+00 -1.614702830712265502e+00 -6.580071851860710197e+00
-3.363244200137550877e+00 -2.114246495781849422e+00 -5.048381741703026115e+00
-4.375291969204089249e+00 -2.092008326264593432e+00 -3.106401941531736988e+00
-5.142611346733699129e+00 -1.558338744803558384e+00 -9.645415042759108992e-01
-5.539522166438325179e+00 -5.429859691576619518e-01 1.179005070711512948e+00
-5.467245973897114197e+00 8.701967955540268473e-01 3.171192641427864611e+00
-4.872883276439242017e+00 2.519717496124126210e+00 4.800066498829287376e+00
-3.775205138689730067e+00 4.244197138688085680e+00 5.931265291269061990e+00
-2.239782342839186757e+00 5.858414046276275933e+00 6.450380649841284786e+00
-3.713404836605393444e-01 7.204289966862934769e+00 6.308950522634972913e+00
1.711620548832660127e+00 8.166566204957584674e+00 5.575942994776425188e+00
3.876852926183183001e+00 8.680583249529524537e+00 4.396835132621266240e+00
5.975538384350028487e+00 8.692497815616951229e+00 2.924790843301766419e+00
7.866204552059135935e+00 8.146079754445635146e+00 1.274925303931516929e+00
9.415825742073412385e+00 7.041571735910883589e+00 -4.715126937410550889e-01
1.051509690863562163e+01 5.478342203505996544e+00 -2.182193705940211004e+00
1.109180703051811179e+01 3.567456564885384207e+00 -3.748080907010924445e+00
1.111162288013420074e+01 1.422072014556292618e+00 -5.079563261694221232e+00
1.060855431464957022e+01 -8.105874798309163909e-01 -6.042817202653163910e+00
9.633929544647159560e+00 -2.977351264040529077e+00 -6.506547648003721207e+00
8.220708963485058973e+00 -4.943084907403497041e+00 -6.374214852272797494e+00
6.428034524146618800e+00 -6.593812537413723085e+00 -5.602008374996972684e+00
4.394763795196504397e+00 -7.786900331343135306e+00 -4.237599783593760883e+00
2.324247512655064352e+00 -8.381162803260618688e+00 -2.378967600389944259e+00
4.039523567474323507e-01 -8.366295524236146974e+00 -2.381574752142000817e-01
-1.240093123283319221e+00 -7.814260556095553589e+00 1.928345260726633592e+00
-2.497666031839462786e+00 -6.782107539608321467e+00 3.960179850630273890e+00
-3.298207541053404412e+00 -5.365463301667930729e+00 5.679283873571685959e+00
-3.640173036911532378e+00 -3.727519845527236697e+00 6.895231871891421171e+00
-3.541471649504044361e+00 -2.040982625259698757e+00 7.496544134861255593e+00
-3.037661773200252213e+00 -4.245948280152521681e-01 7.445223296856403827e+00
-2.212546567028635280e+00 9.977357505054093023e-01 6.765117580128597652e+00
-1.189855600143041370e+00 2.055600462300346987e+00 5.515211520357895303e+00
-1.273614199247473378e-01 2.621787585134680132e+00 3.771615191348458129e+00
8.374490547743587143e-01 2.682152098996259060e+00 1.714879864156534817e+00
1.580150713965909670e+00 2.259546892707033905e+00 -4.564352096643990997e-01
1.976415672823584879e+00 1.417071598693097290e+00 -2.550135539164641862e+00
1.966633190168217693e+00 2.529785206100070849e-01 -4.362555373485646371e+00
1.551715502776659594e+00 -1.111872144874437529e+00 -5.738786474192067111e+00
7.382807652673503140e-01 -2.527058136623816509e+00 -6.565198121390452002e+00
-4.437771673039291320e-01 -3.837091149194733930e+00 -6.743684709135152389e+00
-1.922269531778689977e+00 -4.902151965583837701e+00 -6.304285451112898286e+00
-3.552959627932615660e+00 -5.584708921013352700e+00 -5.331331970128112552e+00
-5.166451181337934351e+00 -5.846619414340648468e+00 -4.007174353438129444e+00
-6.657997229902598235e+00 -5.706954536901656994e+00 -2.545933661145264537e+00
-7.959287163902272866e+00 -5.182281199156003382e+00 -1.062956994864616256e+00
-8.993445951031688423e+00 -4.262798026684898822e+00 3.968476969082421202e-01
-9.687743480438756549e+00 -2.988274787686613365e+00 1.747329952196483793e+00
-9.976283814370479064e+00 -1.447282699091485991e+00 2.924045656629199907e+00
-9.809252362381576162e+00 2.889115264216354784e-01 3.900222990518945831e+00
-9.195903119303192597e+00 2.146293484715902977e+00 4.646514085555463858e+00
-8.164887960315569515e+00 4.001942865188598653e+00 5.107752173357599013e+00
-6.748478175438338056e+00 5.732517774561685542e+00 5.215056971864337143e+00
-4.982867102631659328e+00 7.241149751979460092e+00 4.905433493052751892e+00
-2.958842045595409864e+00 8.376097797894818342e+00 4.114726190434789821e+00
-8.326019298554339088e-01 8.993221567624852142e+00 2.826495782657971745e+00
1.215412460118655780e+00 9.008559615744838212e+00 1.105020345645975066e+00
3.026136041342188054e+00 8.406458486995015633e+00 -9.178366761630724069e-01
4.466686935975712203e+00 7.240813850192314938e+00 -3.045554196049570450e+00
5.417825176221087169e+00 5.595003790038941105e+00 -5.061730686440981231e+00
5.808329588932126697e+00 3.601062188725446145e+00 -6.745685541261680740e+00
5.626728776188510750e+00 1.444226254247831243e+00 -7.866225397577110812e+00
4.903289250388264797e+00 -6.710733084543993865e-01 -8.268979063364309212e+00
3.714894393207762935e+00 -2.549197559222857290e+00 -7.873452110704135087e+00
2.199337536983484664e+00 -4.029054207675794252e+00 -6.716553690938782850e+00
5.488279556181239194e-01 -4.942648221187839752e+00 -4.901305101727204239e+00
-1.028640086909805129e+00 -5.185975199578512829e+00 -2.579002656459134624e+00
-2.357724393306630084e+00 -4.770942831207311663e+00 1.420095170816909787e-03
-3.294060637090743704e+00 -3.768400532994496288e+00 2.585503240977513162e+00
-3.709770580683604546e+00 -2.273780447005489425e+00 4.952308788606076817e+00
-3.548735359310382087e+00 -4.540683683087708977e-01 6.843870908408371534e+00
-2.831142412404293207e+00 1.472137208447636514e+00 8.048978419543441731e+00
-1.608033370537814921e+00 3.305281108457610362e+00 8.465940903750450275e+00
1.797332806183466608e-02 4.878072378845753398e+00 8.081438549006266570e+00
-1.293621148421802758e+00 7.612465665156883610e+00 6.581939917727283706e+00
1.976399421551930269e+00 9.045290887518598666e+00 5.584207926514674014e+00
5.752656638263007771e+00 7.250981115904744811e+00 4.421918167637380215e+00
7.161336266563548492e+00 6.310346554066070368e+00 2.120759910589229857e+00
8.332283684018360503e+00 5.126471175739538921e+00 1.944982880603409736e-01
8.945043574078493265e+00 3.581873003761913310e+00 -1.860606914447097138e+00
8.891653910135682182e+00 1.849117428657406359e+00 -3.813242747770146490e+00
8.407885610562116696e+00 -2.503226577086663518e-01 -5.292106500238909383e+00
7.608753772901535761e+00 -2.038672460895373462e+00 -6.373818788489539422e+00
6.380695027995567870e+00 -3.752309919141154193e+00 -6.871505930718352140e+00
4.547846169293480401e+00 -5.564245371530676998e+00 -6.635537573185082749e+00
2.289650589930845470e+00 -6.684387673556683396e+00 -5.639100185508776342e+00
5.676158970066928419e-03 -7.298835115671838736e+00 -3.951700098799489691e+00
-1.931694982547287553e+00 -7.588975756483160140e+00 -2.334207255971933570e+00
-3.701716336599341517e+00 -7.301691863525499038e+00 -4.209401390131569110e-01
-5.199981794486927100e+00 -6.600946251178831936e+00 1.409646558189045162e+00
-6.406198112828173308e+00 -5.478569771815363865e+00 3.070446295116506796e+00
-7.190412053067801956e+00 -4.010768544926755830e+00 4.455026938092815136e+00
-7.428878597660676597e+00 -2.295988378531029550e+00 5.365724808012497959e+00
-7.197184566985344034e+00 -5.413421128025087681e-01 5.796922383719306460e+00
-6.563175310160264786e+00 1.170994773115233478e+00 5.822824234418730427e+00
-5.656264188947975668e+00 2.773622643638756102e+00 5.520328458045851150e+00
-4.483238153640266788e+00 4.185437172781283799e+00 4.911742977107874886e+00
-3.089711956587304797e+00 5.250455712733645086e+00 3.918991967352499994e+00
-1.603935372311455332e+00 5.876791438713255822e+00 2.535349316293693533e+00
-1.675225264618576682e-01 5.980943650151839819e+00 7.998290510707464218e-01
1.052915630027870808e+00 5.548583358723162995e+00 -1.150721773837740436e+00
1.956154656914500078e+00 4.647976536148655136e+00 -3.176899651213853204e+00
2.476401967014224326e+00 3.360679010073748252e+00 -5.024010581238973927e+00
2.565236075925130699e+00 1.778851002514278301e+00 -6.545409796589607865e+00
2.170230731232554611e+00 8.978648738565146725e-02 -7.472046396589697714e+00
1.324422337191788257e+00 -1.539781149196632670e+00 -7.679056541125792279e+00
1.112478631227654668e-01 -2.896240806866366313e+00 -7.122528617676030294e+00
-1.303413156728546962e+00 -3.846396452906469143e+00 -5.886382903360104279e+00
-2.741521412918063838e+00 -4.293789604592789466e+00 -4.146022173535057753e+00
-4.043268571799878863e+00 -4.166709801818563541e+00 -2.060779996828958183e+00
-5.070485515324070214e+00 -3.482281025670714847e+00 1.771310594804715310e-01
-5.696200503101570334e+00 -2.292161941084738253e+00 2.372259164343802684e+00
-5.817752878226964519e+00 -6.959787855187327121e-01 4.352010639898760580e+00
-5.376919394501622484e+00 1.162020657886339681e+00 5.932622502983373458e+00
-4.398663011249595911e+00 3.087310397717115240e+00 6.954697861350822130e+00
-2.956846452219776378e+00 4.876759850716697819e+00 7.301946438685406271e+00
-1.154112600678469436e+00 6.369881919920923785e+00 6.946038078156417050e+00
8.796805896440258454e-01 7.448342479299606467e+00 5.964210933380234891e+00
2.989605945262598041e+00 8.019477359536487882e+00 4.489715530592646608e+00
5.007542159282344585e+00 7.998181791940010221e+00 2.663926039261410583e+00
6.777695783829273068e+00 7.346288413051983213e+00 6.162646704285088539e-01
8.164830943818373044e+00 6.132530874592042380e+00 -1.459559664141055979e+00
9.053481664198271162e+00 4.472958912519303887e+00 -3.389086364862904155e+00
9.376305547119994088e+00 2.503799218383063518e+00 -5.018639095115110749e+00
9.144000350988187975e+00 3.651904874968076586e-01 -6.218037073917315638e+00
8.410010559492718585e+00 -1.778988585516475540e+00 -6.882989368973840172e+00
7.223566032390142944e+00 -3.783916866994480710e+00 -6.937635444367342252e+00
5.631218539618578767e+00 -5.533458626254966539e+00 -6.367776245244368027e+00
3.739351755221691498e+00 -6.888896245472576396e+00 -5.221693361478420670e+00
1.730911188299662173e+00 -7.719920920000659770e+00 -3.598886096283882896e+00
-2.022474023655987385e-01 -7.958027698729162935e+00 -1.658077154784849627e+00
-1.921307034401222191e+00 -7.628302155196725387e+00 4.167978284181492188e-01
-3.318836679954384028e+00 -6.787522921979930679e+00 2.463555206721823598e+00
-4.294050944289878657e+00 -5.480006329025717271e+00 4.368536482026411427e+00
-4.792829887534860056e+00 -3.826532894878341029e+00 5.959693247177804132e+00
-4.800981060359782226e+00 -1.989694196113784175e+00 7.072735134191660222e+00
-4.327924942821179677e+00 -1.180079717118651395e-01 7.613215894299975695e+00
-3.421735591091529471e+00 1.651458253377901197e+00 7.521583537081581561e+00
-2.182721621474518869e+00 3.140441501643103095e+00 6.779459670748722466e+00
-7.493677548580246484e-01 4.174914211371636874e+00 5.421139746957897465e+00
7.132943985296534839e-01 4.649913874763124788e+00 3.533893220347508191e+00
2.035562650149587594e+00 4.519311251373475891e+00 1.282517610653044038e+00
3.057263456642238086e+00 3.811600320344117776e+00 -1.116677496691648175e+00
3.655213306605108237e+00 2.638578268584744535e+00 -3.398093848438474396e+00
3.768901479420756040e+00 1.114527579882173658e+00 -5.347694222933720987e+00
3.384959346026042759e+00 -6.236160794927166906e-01 -6.781798182249143103e+00
2.511595179154544333e+00 -2.402360427126069453e+00 -7.552664181473632610e+00
1.193221370365595835e+00 -4.019845015510501440e+00 -7.569699755722671064e+00
-4.624911062960625485e-01 -5.306944946059486412e+00 -6.862369956708806562e+00
-2.279914389077189796e+00 -6.140481667017009926e+00 -5.572684185572797766e+00
-4.072380784123698305e+00 -6.476290425536997297e+00 -3.926856751595331207e+00
-5.710113390070964634e+00 -6.330196241168001947e+00 -2.140690798372818726e+00
-7.111772641781819004e+00 -5.720562042356242216e+00 -3.515026732945993326e-01
-8.197701631704378045e+00 -4.653528851620117202e+00 1.377005113605306086e+00
-8.874954885512265079e+00 -3.193180997432475632e+00 2.947106609718037618e+00
-9.065662885482396405e+00 -1.438155254033286923e+00 4.277543362734564703e+00
-8.731150127461784649e+00 5.123182921923482569e-01 5.326830459807124107e+00
-7.905647728036819366e+00 2.527233732399041699e+00 6.030039691409919911e+00
-6.648710153107190379e+00 4.454198173281638695e+00 6.310982175833167673e+00
-5.010313318415255956e+00 6.161268114127729234e+00 6.113783844546567536e+00
-3.065686656942350208e+00 7.520169306763193617e+00 5.377702711506875843e+00
-9.518420911682201613e-01 8.381696951196062173e+00 4.086960274818545180e+00
1.148217029314801074e+00 8.608269156837462077e+00 2.284468467885591547e+00
3.037195740025516955e+00 8.169078317855440474e+00 1.084608597982825301e-01
4.567967104460214145e+00 7.134058724772123661e+00 -2.191152931812142768e+00
5.613635895154667210e+00 5.581773067119937259e+00 -4.404520087918845306e+00
6.092940368891704317e+00 3.650778248545776705e+00 -6.293030305031118488e+00
5.987416779542558132e+00 1.495345149026253706e+00 -7.647634057144759190e+00
5.319584577310694229e+00 -6.749904456242150630e-01 -8.306455178919778248e+00
4.147356335484401413e+00 -2.666990228787059714e+00 -8.176059216440803468e+00
2.582786079919419109e+00 -4.315336937341797352e+00 -7.279766048997539762e+00
8.087057185072755727e-01 -5.449154416611448504e+00 -5.719621246044270357e+00
-9.601730132315824395e-01 -5.947526059133529053e+00 -3.630068654499322811e+00
-2.544752227007884393e+00 -5.797814497254964117e+00 -1.242597136030251237e+00
-2.222320531338393579e+00 2.496676295838297643e-01 4.780774566961127903e+00
-2.246936054999156163e+00 -2.668454928579911289e+00 5.601598999044082206e+00
-5.374489127250947185e+00 -3.669381122725006161e+00 3.629694546464757199e+00
-5.810357141324184127e+00 -3.051398982928464676e+00 3.581303035797398060e+00
-6.130635600472248647e+00 -2.205645976314943191e+00 3.232271672242253313e+00
-6.376739313350507921e+00 -1.303365101072298637e+00 2.659123564439192844e+00
-6.296699350997275069e+00 -4.515242885872249312e-01 2.224139036075679421e+00
-5.908459124525597517e+00 4.221784268022174547e-01 1.967895386860061491e+00
-5.546553048546810416e+00 1.223827283098375851e+00 1.905063615195083937e+00
-5.358021243674595979e+00 1.878680689074231136e+00 2.131839050374843225e+00
-5.147545401299973733e+00 2.673674910226083057e+00 2.377411876149523096e+00
-4.564396378009463184e+00 3.581314261435029067e+00 2.258448876291887064e+00
-3.472635464699087571e+00 4.209440954632050591e+00 1.482565612023348356e+00
-2.353515756431992845e+00 4.355707004268905891e+00 1.236284391476605571e-01
-1.557660438338089870e+00 4.081103002068352303e+00 -1.388733481401859260e+00
-1.061225397842836315e+00 3.508297558357288182e+00 -2.767049334326821430e+00
-7.967511013189395586e-01 2.819945650906992451e+00 -3.941566944400734407e+00
-6.927776974236690144e-01 2.035421538007700093e+00 -4.791205932997381289e+00
-7.878055574322830878e-01 1.147832015074529810e+00 -5.208266162733922400e+00
-1.171882705890790577e+00 3.479468654790311977e-01 -5.104550394992706686e+00
-1.759927621081486260e+00 -2.229618622476009504e-01 -4.386613624379116061e+00
-2.361302045364184199e+00 -4.457428558055498979e-01 -3.193387498623811549e+00
-2.831236244061070995e+00 -1.928657098304060180e-01 -1.627703718526129384e+00
-3.012612874464248858e+00 4.558382654091678865e-01 1.192313831097967097e-01
-2.840569318416448219e+00 1.417630971455299926e+00 1.830678251170907656e+00
-2.294146784458114485e+00 2.633727518003702972e+00 3.380967715784708005e+00
-1.356606458774361812e+00 3.938399949139953726e+00 4.559371201873236856e+00
-7.469770794329690100e-02 5.176024421295511324e+00 5.185132255119565770e+00
1.505449800930701576e+00 6.236013272342362690e+00 5.241550552463816182e+00
3.292719462692633936e+00 6.990301530641980676e+00 4.740252325232241049e+00
5.144862932755149387e+00 7.360327611825663752e+00 3.808581945411229963e+00
6.931274956944426968e+00 7.286849862129276545e+00 2.619725376820301044e+00
8.527014767464395462e+00 6.754814133235344187e+00 1.278078845295585575e+00
9.824184202278260614e+00 5.772477418486220202e+00 -1.294878504726412749e-01
1.073456411801901211e+01 4.370673155784603914e+00 -1.539427112492441463e+00
1.119354764982857198e+01 2.657870027646535682e+00 -2.873110403174594651e+00
1.117645872995696799e+01 7.367633185643215343e-01 -4.027875520815871191e+00
1.069505963643973345e+01 -1.279580939740724510e+00 -4.905403594213959551e+00
9.775091757567917483e+00 -3.248164476022238567e+00 -5.363903862118720056e+00
8.453137489335995625e+00 -5.057682188250483435e+00 -5.313594613521180676e+00
6.789215318257994625e+00 -6.594540482369297685e+00 -4.714217485221136705e+00
4.889269062946628885e+00 -7.740137621799717316e+00 -3.583990615672300262e+00
2.917121497423023069e+00 -8.362017665591160664e+00 -1.992372754200874008e+00
1.044815746691508451e+00 -8.417077237290079950e+00 -9.668686389680453130e-02
-5.862469499533979889e-01 -7.956901053051298689e+00 1.870133082920930168e+00
-1.861932177684216816e+00 -7.042601366474487534e+00 3.733612424381651529e+00
-2.725400582282018203e+00 -5.770358165698386443e+00 5.323119360047910753e+00
-3.176135485137022929e+00 -4.281853573345547836e+00 6.459358487245850711e+00
-3.234530196734565877e+00 -2.740661279712346854e+00 7.018681413843507855e+00
-2.927128332864512128e+00 -1.270252942791873174e+00 6.937969634365398264e+00
-2.321868748204330313e+00 2.981394284642677195e-02 6.255419539374171833e+00
-1.535555657172908539e+00 9.984974586483701398e-01 5.024742171401362256e+00
-7.274925139862009615e-01 1.508677386551185773e+00 3.320604556556674858e+00
-1.539038575194206886e-02 1.575501153243067609e+00 1.371395524397234889e+00
4.881409304482506317e-01 1.224079939350541268e+00 -6.469447306899090977e-01
6.739731416150172016e-01 5.089727411483510044e-01 -2.561147116663202716e+00
4.988155902431565258e-01 -5.001816964579189895e-01 -4.195645552688007207e+00
-3.569475128504634442e-02 -1.663354258254735152e+00 -5.416554459280248146e+00
-9.112569506117084162e-01 -2.838523231642811062e+00 -6.116812100552808218e+00
-2.095490872122184545e+00 -3.913348896927480780e+00 -6.244426186147681079e+00
-3.510319542117107616e+00 -4.736950988888239067e+00 -5.816560395794295069e+00
-5.018488404743719045e+00 -5.197011040095733669e+00 -4.901393216375478090e+00
-6.477460500372981933e+00 -5.277242506474250305e+00 -3.687139681397499480e+00
-7.804044234314725159e+00 -4.987999672213157432e+00 -2.331657004910723696e+00
-8.926123792095836507e+00 -4.335035087712189039e+00 -9.353373122664422334e-01
-9.769458873672402177e+00 -3.317474067432995000e+00 4.354830694152447279e-01
-1.026639150121710919e+01 -1.991358621618350089e+00 1.696601261018964690e+00
-1.036012527352967894e+01 -4.419929042668449548e-01 2.774195537363289166e+00
-1.002232198029081367e+01 1.262122300934345409e+00 3.638182162146208043e+00
-9.261903505805456405e+00 3.044200771477911349e+00 4.265994928609834425e+00
-8.114144714723403595e+00 4.790727084866248653e+00 4.606481565118641264e+00
-6.611745823447828130e+00 6.392313386983217605e+00 4.603490718218540501e+00
-4.794962610250680157e+00 7.753860870115873105e+00 4.214503611121704019e+00
-2.758754001576996018e+00 8.748115610026582445e+00 3.404193664483528892e+00
-6.626963202361448868e-01 9.228099042932438323e+00 2.143170668939745394e+00
1.332115859365466504e+00 9.131111899331880721e+00 5.064086924896017416e-01
3.086870713830452306e+00 8.462762431205597125e+00 -1.375728714099984096e+00
4.471141525177286802e+00 7.271313606181569966e+00 -3.336628495332584432e+00
5.383597063539445671e+00 5.631929617623212536e+00 -5.172063575159626225e+00
5.764747459528620332e+00 3.680181455182076622e+00 -6.668631164318473026e+00
5.611046875510513843e+00 1.607332568169301590e+00 -7.612751674930235524e+00
4.952215114093899473e+00 -4.062816470167640581e-01 -7.854624028710097683e+00
3.864030363846466365e+00 -2.175285231245361217e+00 -7.332978787238142004e+00
2.488322745695265681e+00 -3.525557254714303923e+00 -6.068503971223276672e+00
1.023431746811269472e+00 -4.309062129977040634e+00 -4.169394362010372390e+00
-3.407872824820054047e-01 -4.450736810657279996e+00 -1.816940626082992116e+00
-1.440388518803790152e+00 -3.967299208440955738e+00 7.519868758715612111e-01
-2.132777451774718447e+00 -2.929165954270403383e+00 3.280706248568563854e+00
-2.313872000755364589e+00 -1.454140112747702940e+00 5.518345616522317698e+00
-1.948094774248997574e+00 2.630745579822816871e-01 7.195654342231740053e+00
-1.067660016180302041e+00 2.014465608535682239e+00 8.132177368692081743e+00
2.534763318281895161e-01 3.617216503755690926e+00 8.260371332440342940e+00
1.897859456864420036e+00 4.923526417034821634e+00 7.631971950010823846e+00
3.721450339035117238e+00 5.807821595989405061e+00 6.399939322097284666e+00
5.557245206621130862e+00 6.161744907862648724e+00 4.732306234145126744e+00
7.238941683180448727e+00 5.931108657485065550e+00 2.789025442120743215e+00
8.626141368325487946e+00 5.140301070494263769e+00 7.523850228584234578e-01
9.596464583648213420e+00 3.857271333038884364e+00 -1.243136813687731435e+00
1.006793614051967367e+01 2.195492883622092606e+00 -3.065252509127954550e+00
1.002906622678194637e+01 2.888123003438909930e-01 -4.570622363156449097e+00
8.918517759852573334e+00 -3.654576715754970007e+00 -3.983821066582511783e+00
7.960914553260195703e+00 -5.147777712336241152e+00 -5.810226722966214119e+00
6.275175915023321949e+00 -6.648459315458669749e+00 -7.681677208222390085e+00
3.916836919336279976e+00 -8.527754640604738867e+00 -7.714290699854267075e+00
1.140530735922558936e+00 -9.856613768995812208e+00 -7.132207907754136045e+00
-1.723570721561928476e+00 -1.058898089734736558e+01 -5.907344585751567401e+00
-4.268114272547705035e+00 -1.070108694689603901e+01 -4.062207477034687209e+00
-6.495700726686181703e+00 -1.004649842273710370e+01 -1.877940930266433384e+00
-8.483738791690763392e+00 -8.932056476736649486e+00 4.801107837955564950e-01
-1.013081926598855098e+01 -7.468477346859064170e+00 2.699648585002321521e+00
-1.116750901325849377e+01 -5.461803334317709258e+00 4.459646015280851472e+00
-1.149738321022336862e+01 -3.267080233637074560e+00 5.645952544107829318e+00
-1.124510020245990027e+01 -1.145476201394285409e+00 6.151033660030734040e+00
-1.067403993469687329e+01 9.080143582006667824e-01 6.226284645637666593e+00
-9.753440387783571808e+00 2.792731130139681106e+00 5.899014270618746281e+00
-8.484775126134175949e+00 4.468098029248159797e+00 5.223162012884242422e+00
-6.962927411770213126e+00 5.866637906147284198e+00 4.205021222982675333e+00
-5.346159133130529817e+00 6.785535603267908833e+00 2.790379971200744880e+00
-3.770464323504378434e+00 7.136417844209979044e+00 1.013140314303130562e+00
-2.330691841902547523e+00 6.967499369507297757e+00 -1.044108330770770365e+00
-1.149346139288747626e+00 6.312006151429737422e+00 -3.174764399674286253e+00
-3.528934126229167356e-01 5.202910363773916913e+00 -5.217753983803318008e+00
-1.894371552231287337e-02 3.808974229289826763e+00 -6.853238471566832857e+00
-9.371747772531630050e-02 2.305613917720431782e+00 -7.865600402299300242e+00
-5.546183401796713763e-01 8.652074318995162105e-01 -8.116472231266605775e+00
-1.351860708461162464e+00 -3.456615127149871292e-01 -7.537508823943404046e+00
-2.356183369934770511e+00 -1.152422027502653323e+00 -6.173984678119869507e+00
-3.356923461768436034e+00 -1.409690122686571234e+00 -4.204635751722396009e+00
-4.134636351340734706e+00 -1.080466108616906951e+00 -1.866910261467749965e+00
-4.542691348758460812e+00 -2.306937341823686038e-01 5.559531966265849334e-01
-4.502131190259705207e+00 1.026296227597136124e+00 2.805628149848295116e+00
-3.962351391508266207e+00 2.536303890504479241e+00 4.656175116275512949e+00
-2.923625165449514451e+00 4.134248517171974946e+00 5.911058934688371735e+00
-1.445645132598546212e+00 5.650292289365851595e+00 6.470869255330456760e+00
3.731789274687307145e-01 6.914316910419367801e+00 6.331565550013182886e+00
2.397245782796508795e+00 7.808735400654018832e+00 5.591724819117499301e+00
4.487219643619516418e+00 8.274346935965112948e+00 4.450017753780660890e+00
6.500454226852869333e+00 8.274352736385631957e+00 3.090327060407927817e+00
8.304534553560717569e+00 7.793543936609465206e+00 1.636170628455389631e+00
9.801707743234242542e+00 6.848893911392988088e+00 1.639466989500990846e-01
1.092220758749628828e+01 5.493652809557289629e+00 -1.280752965398556764e+00
1.160104614975648296e+01 3.800058761321427170e+00 -2.660829943358627325e+00
1.180797987342046085e+01 1.867609214367888626e+00 -3.881608751553184078e+00
1.153370936352176912e+01 -2.013415331715900924e-01 -4.860651580006567052e+00
1.080046757077610131e+01 -2.270991339627224992e+00 -5.471152584072719982e+00
9.640098754766992073e+00 -4.235431133815128923e+00 -5.613801862202654647e+00
8.098137489614860129e+00 -5.961983025406125236e+00 -5.212784664728437711e+00
6.264134316257390367e+00 -7.332024475028434018e+00 -4.259571691307643349e+00
4.289706843902088451e+00 -8.220854274694964658e+00 -2.801515108376698038e+00
2.348861406585447842e+00 -8.555971015610598585e+00 -9.790683213541347962e-01
5.867860082236838748e-01 -8.362381721575573579e+00 1.002674050649152937e+00
-8.811955249287596326e-01 -7.708545982535375707e+00 2.925937684064508382e+00
-1.986464654328759627e+00 -6.656942949670805909e+00 4.638288339582665287e+00
-2.696254215997306414e+00 -5.328640668899778277e+00 5.954383599112195391e+00
-3.020858517451804559e+00 -3.883512510892769054e+00 6.722049026626008228e+00
-2.973744119758108262e+00 -2.443236543088368240e+00 6.884952656000337790e+00
-2.613108324965920382e+00 -1.110818328868000027e+00 6.457605261824953757e+00
-2.038864986560998460e+00 -7.395246623882814618e-03 5.505012669155762595e+00
-1.376520030349827062e+00 7.265144880388260118e-01 4.098572730325765967e+00
-7.471826957664070568e-01 1.042478929523328102e+00 2.359516976637466179e+00
-2.493274297802743900e-01 9.649185236915266417e-01 4.759000425744536744e-01
6.352569807703723967e-03 5.112977825731235271e-01 -1.407576298595411890e+00
-5.399575543333254984e-02 -2.471907363097508858e-01 -3.126544632907730215e+00
-4.396544782233405835e-01 -1.223475097876803197e+00 -4.530873611131697842e+00
-1.141632532945770162e+00 -2.293340224977515440e+00 -5.523341156482196368e+00
-2.143395003222667849e+00 -3.324432028362091618e+00 -5.988552965565553166e+00
-3.407097501705827369e+00 -4.204098619893914979e+00 -5.910282387795740888e+00
-4.829078236962197401e+00 -4.787738664244328923e+00 -5.314775171770265594e+00
-6.266969821813273001e+00 -5.021806231627117256e+00 -4.323892665204526864e+00
-7.610284600739294802e+00 -4.902804653064227303e+00 -3.125215438333978746e+00
-8.793708534798396315e+00 -4.445801500023569552e+00 -1.839308177777051689e+00
-9.750660205746326525e+00 -3.644584797174585944e+00 -5.354939327668944982e-01
-1.040982385604239724e+01 -2.506969708076680181e+00 7.239452018686656221e-01
-1.070697633291183060e+01 -1.103009048808838655e+00 1.868122390064911764e+00
-1.058810243082298364e+01 5.018591456502060622e-01 2.850868628023894402e+00
-1.004414434053862593e+01 2.242621857537114405e+00 3.655674920005417050e+00
-9.089439620296035471e+00 4.026919429320155785e+00 4.236117326279663864e+00
-7.753901047721221573e+00 5.740772701476493545e+00 4.529854505121805985e+00
-6.061471450120741622e+00 7.285688408213964351e+00 4.467962678022963985e+00
-4.069232462138226758e+00 8.556446356130194886e+00 4.005928837502199080e+00
-1.897482372486891888e+00 9.411555354357057368e+00 3.109768648895963938e+00
2.849118643319227817e-01 9.712440410767559484e+00 1.757484550488048525e+00
2.322751397044952704e+00 9.419143286900187206e+00 5.038731315934450589e-02
4.074934130245120301e+00 8.546462592950591741e+00 -1.874027610228267138e+00
5.397238437493562024e+00 7.144309641115730969e+00 -3.848201016983605616e+00
6.199976453216557992e+00 5.310054547577029105e+00 -5.653200482079650868e+00
6.444341239801498311e+00 3.206454091819824548e+00 -7.068565420913282438e+00
6.137206177178486932e+00 1.028728792889137100e+00 -7.895772079324431481e+00
5.315636998808368041e+00 -1.046576089299418255e+00 -7.988760055830629980e+00
4.069032049459506695e+00 -2.828727785359365310e+00 -7.297959996950414308e+00
2.554191626849793728e+00 -4.143397159426088550e+00 -5.867018177459364381e+00
9.820162300555870249e-01 -4.856156422929888805e+00 -3.820351985824030905e+00
-4.585729202962148809e-01 -4.903216487509307164e+00 -1.357512159115717765e+00
-1.603016414561737824e+00 -4.305543041022956707e+00 1.281982808161265641e+00
-2.303638078220376695e+00 -3.153026386117743662e+00 3.832580788672217409e+00
-2.463040320564774621e+00 -1.576033694092826565e+00 6.038762511894780083e+00
-2.057989796193006704e+00 2.223836794061154198e-01 7.641722545833421698e+00
-1.132056667247425485e+00 2.027940103899752877e+00 8.473710522189515260e+00
2.317201237915532119e-01 3.660191021383259802e+00 8.481044903170467109e+00
1.912798466410642106e+00 4.971923632664932313e+00 7.730975335636987467e+00
3.203157371916768525e+00 4.662197640513854324e+00 6.430303420741155129e+00
4.998261237727356310e+00 7.230021790560157591e+00 1.761328585527747403e+00
6.153182933033894741e+00 3.350178539169060166e+00 -1.070160981604678374e-01
6.241412362154232341e+00 9.400495597663961478e-01 -3.700963496419789944e+00
5.459610692179714952e+00 -1.386600390530495330e+00 -6.602069594085369530e+00
3.864328104702507538e+00 -3.622167797105122489e+00 -8.693895976359780065e+00
1.974038508550999493e+00 -5.672050175040118880e+00 -9.462936112941278566e+00
-6.425082445535766629e-02 -7.068008800994409313e+00 -8.920710526415989605e+00
-2.426831102845561805e+00 -7.842495293318480165e+00 -7.143050470632008597e+00
-5.102889165369257185e+00 -8.177207906305874019e+00 -4.467336026509298286e+00
-7.578740326000159122e+00 -7.566560257049443905e+00 -1.596312550977115663e+00
-9.297684094688172252e+00 -6.153262813166300305e+00 9.830653046944946016e-01
-1.018884134742660308e+01 -4.588735038773770647e+00 2.782384785427093110e+00
-1.066322814623554827e+01 -2.977843082199458813e+00 3.914241179262455628e+00
-1.081877311110886986e+01 -1.240644007164028784e+00 4.727957525875646105e+00
-1.052633984513439636e+01 5.973915589991908304e-01 5.209908983058289422e+00
-9.772865909234512927e+00 2.481199917542364020e+00 5.306025628430830032e+00
-8.621203536309227644e+00 4.179514306420211156e+00 4.994537751616609178e+00
-7.189188574627637607e+00 5.616758049289149568e+00 4.338195240554910903e+00
-5.599683855859051818e+00 6.747707778223591468e+00 3.371032950433015429e+00
-3.948436964652502823e+00 7.415784638793236461e+00 2.066192883291366744e+00
-2.347099136029051625e+00 7.550183461779941929e+00 3.813900270691567562e-01
-9.243556089677817944e-01 7.214533875798252005e+00 -1.492513422196759754e+00
2.337478331933770526e-01 6.427136544683561326e+00 -3.419819348770141598e+00
1.009068409726713522e+00 5.248774250329893754e+00 -5.194969646945985176e+00
1.373549718240924644e+00 3.822805279076504359e+00 -6.559835080777644656e+00
1.335649556983297570e+00 2.323168790792088156e+00 -7.308139960089302889e+00
9.107860112554982956e-01 9.044756773569011532e-01 -7.341667563008463127e+00
1.721826925441477807e-01 -2.704597157108494243e-01 -6.610663417920220830e+00
-7.174196081044226236e-01 -1.021227225460809906e+00 -5.177348766139826530e+00
-1.565706401125700697e+00 -1.254020270033255890e+00 -3.235550078548190989e+00
-2.202595014018263520e+00 -9.907029483632320277e-01 -1.032858941487419413e+00
-2.518128010491783364e+00 -2.815121401171917226e-01 1.191010844644716293e+00
-2.439949677437851072e+00 8.084241450174928234e-01 3.234955213146081032e+00
-1.918736503817305206e+00 2.135140097677385995e+00 4.884168261048460913e+00
-9.550537109706431771e-01 3.539210367362191079e+00 5.969521357017820939e+00
4.087804923234520937e-01 4.866933808809135620e+00 6.417225603347193719e+00
2.071151104562570122e+00 5.953681614890353302e+00 6.222611030559662915e+00
3.892499137233789597e+00 6.696992788085440296e+00 5.497501606124747475e+00
5.739115497444017500e+00 7.052220490591860624e+00 4.429205054636593530e+00
7.496307603231846528e+00 6.988351755193899173e+00 3.151276306627384560e+00
9.064247166084273388e+00 6.476786876150439021e+00 1.754396188786583100e+00
1.035116820258792814e+01 5.526564933921956246e+00 3.109289977334625532e-01
1.126669851773287157e+01 4.183644399681846870e+00 -1.126699432300163117e+00
1.173933948163102059e+01 2.514655306150107350e+00 -2.495386518372841422e+00
1.175025007810887523e+01 6.318228687340818883e-01 -3.690230403827282846e+00
1.130029996047650798e+01 -1.352946422302071516e+00 -4.623660404419667636e+00
1.041039934613800000e+01 -3.328766393409920976e+00 -5.190122560770395133e+00
9.108304615092809087e+00 -5.184670037500277218e+00 -5.283687883220380854e+00
7.443241216413635009e+00 -6.786145293301526493e+00 -4.839473108493906217e+00
5.513223749560693498e+00 -8.022345301631927939e+00 -3.870871994628249269e+00
3.475780910824991743e+00 -8.775568284883945580e+00 -2.433287712027555560e+00
1.494478030664941448e+00 -8.992032134622844453e+00 -6.816834753643103983e-01
-3.010555679977126586e-01 -8.715597379844215453e+00 1.168650676531305832e+00
-1.807039796589690495e+00 -8.019061215051483060e+00 2.921039053749019843e+00
-2.971796590885643852e+00 -6.965531309687696293e+00 4.426970876924823273e+00
-3.774321425008160258e+00 -5.670085112221564749e+00 5.529443749279458586e+00
-4.226156352730719767e+00 -4.287950701045398993e+00 6.102108763748168130e+00
-4.347331249047564405e+00 -2.929636400352773506e+00 6.101171060472507790e+00
-4.197986722353798328e+00 -1.683420687072600508e+00 5.565492087553508327e+00
-3.869480455927500007e+00 -6.424978836671094706e-01 4.588368594920816612e+00
-3.476594906952765296e+00 9.799567921821963901e-02 3.261289065574579205e+00
-3.102805211991257917e+00 5.128814502624576832e-01 1.716021037273861571e+00
-2.817240043402916783e+00 6.041362560207348409e-01 7.958006406966403046e-02
-2.703926374280574141e+00 4.016281774677099570e-01 -1.517696276731289151e+00
-2.825235097298971265e+00 -5.195049086383943249e-02 -2.957775030649161696e+00
-3.191017703841638298e+00 -6.714371847746974931e-01 -4.124006150752597577e+00
-3.775107721603201405e+00 -1.357521449309531336e+00 -4.940873999709780584e+00
-4.556106048453443691e+00 -2.017239522070510827e+00 -5.341445813719424507e+00
-5.499136072807712772e+00 -2.553824459430651395e+00 -5.295127041537038615e+00
-6.542488517183588925e+00 -2.881626823732666320e+00 -4.827712305445761132e+00
-7.587465153701394627e+00 -2.952665263043648736e+00 -4.042464971435854260e+00
-8.541369154141193576e+00 -2.733932058982234015e+00 -3.038660104818232899e+00
-9.333648063364819336e+00 -2.202767444105752315e+00 -1.900032167500693259e+00
-9.899613921348985102e+00 -1.350383087891788403e+00 -6.837050559748383272e-01
-1.015946944719436829e+01 -1.909473215378040545e-01 5.571687579190388595e-01
-1.003853483482259179e+01 1.231774742616515983e+00 1.748259848804116778e+00
-9.493043556510475156e+00 2.839639771657242573e+00 2.813312527382958450e+00
-8.517445820203164430e+00 4.533853422002865230e+00 3.678033725886824090e+00
-7.137471943419067877e+00 6.202871404160601898e+00 4.250875126247168900e+00
-5.387889816360747375e+00 7.727908302938915952e+00 4.443433556050671918e+00
-3.323146841028238985e+00 8.996039796569245794e+00 4.204830231793584616e+00
-1.048035953348079197e+00 9.903555566451140990e+00 3.538622854325554901e+00
1.295014610402933641e+00 1.035305172784743988e+01 2.498892158841781175e+00
3.554687155356020867e+00 1.025839123034016609e+01 1.145644299874883032e+00
5.583045015817837076e+00 9.581172094412282902e+00 -4.504251686228142870e-01
7.249059957182854674e+00 8.354729234666205429e+00 -2.165623957586749526e+00
8.435986159745732849e+00 6.651415825608672172e+00 -3.870527208300820199e+00
9.062043753231982635e+00 4.577393251562943632e+00 -5.426416974146526684e+00
9.113728636448035658e+00 2.290255501568852381e+00 -6.650252911724295224e+00
8.619771491400022967e+00 -2.696719036819412996e-02 -7.366679683113872557e+00
7.619287072942089623e+00 -2.208683971451284034e+00 -7.446381206103793282e+00
6.190076212702426695e+00 -4.104505151507813920e+00 -6.813428780567920562e+00
4.459524103066726752e+00 -5.569329600639507660e+00 -5.503580386064937713e+00
2.609012010987484143e+00 -6.459484646124834306e+00 -3.612564722679986406e+00
8.415383174332841110e-01 -6.682768788771923596e+00 -1.286973157240996146e+00
-6.644605800191133449e-01 -6.234079550241013123e+00 1.247354300857966836e+00
-1.755278125644736287e+00 -5.200687682720272598e+00 3.732310625677998317e+00
-2.311056843523665805e+00 -3.704029227514792577e+00 5.942429713794350477e+00
-2.302255408674314552e+00 -1.917842924364197010e+00 7.637460360793763670e+00
-4.381700460888336757e+00 -1.615202239563046982e+00 1.053734768179324277e+01
-3.377524750392407515e+00 1.887358919043592986e-01 9.182800355836706174e+00
-1.325753632680173599e-01 9.454375587896194366e-01 5.478003137616656026e+00
5.069565507704387741e-01 4.928842845649036297e-01 2.563511323546970644e+00
6.991165890605123279e-01 -1.908400854341193165e-01 -3.777954293228309446e-01
3.388887226279244658e-01 -1.249082659726971078e+00 -3.162505468261366026e+00
-2.483598194138311177e-01 -2.544183229807880586e+00 -5.040017161304261251e+00
-1.068643781944274229e+00 -3.548180754577408891e+00 -5.778653951239165920e+00
-2.395373519877875168e+00 -4.243432436783699302e+00 -5.322537106582289290e+00
-4.161477641883149836e+00 -4.708081574130326352e+00 -3.812161355393302031e+00
-5.861437655103418187e+00 -4.465194832866298036e+00 -1.918153234663359408e+00
-7.006491310721440158e+00 -3.603959287561982361e+00 -1.508471452425730885e-01
-7.540724348569282753e+00 -2.666309293200202379e+00 1.045951630612684369e+00
-7.930143556048975917e+00 -1.747299039937012743e+00 1.683143328919785686e+00
-8.216655995850237204e+00 -7.961883512987691924e-01 1.990638506333216595e+00
-8.176219487272808450e+00 2.547493594818208695e-01 2.076686292726968475e+00
-7.806606782245593124e+00 1.456078434270296817e+00 1.994089198563397058e+00
-7.241222337563380407e+00 2.520554039246897027e+00 1.737354729195165648e+00
-6.545906702332837668e+00 3.414373002594122131e+00 1.442067107418798955e+00
-5.734395494208564870e+00 4.291987668003248935e+00 1.199619222631016058e+00
-4.809704035850130843e+00 5.070609971407978200e+00 9.369212582333137362e-01
-3.802058791648403879e+00 5.601844364318496083e+00 4.818562347400633938e-01
-2.748049075500188732e+00 5.941540892159990150e+00 -1.195515319511521179e-01
-1.622163420305775983e+00 6.081876859544697034e+00 -8.699887268475393620e-01
-5.308708473404779582e-01 5.946506871783313386e+00 -1.725428013342091393e+00
4.136132519203796765e-01 5.564243201366162239e+00 -2.539436866318473651e+00
1.171018651578528802e+00 5.004850424531126052e+00 -3.172617908155377808e+00
1.764744680843664870e+00 4.330902640194404185e+00 -3.577452245435870370e+00
2.181321815998380487e+00 3.569970944098881827e+00 -3.730358983407885187e+00
2.416630494711705435e+00 2.809941571290682116e+00 -3.586286179324277068e+00
2.515493503121303931e+00 2.150676292163732573e+00 -3.118310987113474653e+00
2.554127709995035911e+00 1.673768672964306425e+00 -2.340821619237749118e+00
2.632933943291836609e+00 1.447042947134230095e+00 -1.273495144051134176e+00
2.806661368756703911e+00 1.459521268406168248e+00 -1.494191787232418758e-02
3.127302932099601307e+00 1.698487110900344099e+00 1.318111672348547980e+00
3.629437028255771303e+00 2.122900239146764623e+00 2.610993505412514182e+00
4.337923944989262814e+00 2.683803155026022402e+00 3.704341419097603172e+00
5.254518294578638837e+00 3.277381201457013393e+00 4.460852310268874632e+00
6.360381000736650137e+00 3.785101417223291520e+00 4.785621341756229441e+00
7.591462705487048268e+00 4.120510594663099546e+00 4.656239140390678877e+00
8.849622693224715064e+00 4.202388244127167383e+00 4.142324805666254051e+00
1.003330428858803103e+01 3.973075847905373603e+00 3.317375011593180378e+00
1.104519999142114450e+01 3.411893097311666345e+00 2.280692340441025756e+00
1.181634829255158436e+01 2.503491896466763400e+00 1.089104224198653048e+00
1.227352580010084182e+01 1.273079019046331029e+00 -1.713286986819116398e-01
1.235039169026257078e+01 -2.221709924990584728e-01 -1.401875195604542990e+00
1.200831953273854502e+01 -1.887979346339067943e+00 -2.480511102120692257e+00
1.125186682888310052e+01 -3.612958091764272961e+00 -3.286882871034691789e+00
1.011702666751391355e+01 -5.274273331460593184e+00 -3.711664967816997507e+00
8.654278806659027268e+00 -6.765201827021015468e+00 -3.676800175371410351e+00
6.926121080923543616e+00 -7.990091643681575206e+00 -3.156387213954312543e+00
5.032245689121455534e+00 -8.845755896177980304e+00 -2.170339711631219526e+00
3.104277466230647153e+00 -9.256390999831292987e+00 -8.131705522220874505e-01
1.277671827808164018e+00 -9.215676452895571913e+00 7.314314267473543962e-01
-3.434772177619144218e-01 -8.782196491521657933e+00 2.248578191870360232e+00
-1.693508053163164551e+00 -8.044628181494992702e+00 3.543351661545823372e+00
-2.765736468800047199e+00 -7.118938893599918494e+00 4.442312191777549657e+00
-3.581649906633735281e+00 -6.110345762213222898e+00 4.855138166329512117e+00
-4.178447699560741135e+00 -5.116348880965025714e+00 4.753423986330523654e+00
-4.602643949493813835e+00 -4.200787708362624606e+00 4.189166185242586771e+00
-4.910363077753086003e+00 -3.428351361251545715e+00 3.265886865008579498e+00
-5.179076879819204393e+00 -2.846762970178980723e+00 2.107087609035027675e+00
-5.481888774759300809e+00 -2.457737078775485529e+00 8.594369429808128569e-01
-5.863589143419863703e+00 -2.228849942522092675e+00 -3.323242460109364638e-01
-6.341239818937076222e+00 -2.112446097405127343e+00 -1.381887641282875556e+00
-6.906736436568531978e+00 -2.057311412848648935e+00 -2.219153836496975174e+00
-7.531625786408746137e+00 -2.025167097061723709e+00 -2.825342206310039295e+00
-8.193337633395621822e+00 -1.967119090582650998e+00 -3.189894015007552763e+00
-8.864388060404728265e+00 -1.846476694696242316e+00 -3.310238116848371437e+00
-9.517675542875879913e+00 -1.636400978943620022e+00 -3.217575058940505439e+00
-1.011440390224727537e+01 -1.304286605826616041e+00 -2.941744034216745796e+00
-1.060481147273891267e+01 -8.241037190954884073e-01 -2.510063375302978628e+00
-1.094496984082992519e+01 -1.655857302058511282e-01 -1.942018320766802919e+00
-1.109248989831616505e+01 6.900844457389141429e-01 -1.241388413149312031e+00
-1.099658020643962963e+01 1.744380560167497762e+00 -4.313159399163098984e-01
-1.060775581001381163e+01 2.975698128830809974e+00 4.319018275224159042e-01
-9.889693565790842911e+00 4.323833786571617210e+00 1.259640733086668352e+00
-8.828357742580687173e+00 5.717900046938858338e+00 1.955706351063055015e+00
-7.430494881974541777e+00 7.086095948888860185e+00 2.442250344803586604e+00
-5.723477857478155073e+00 8.330056866507829838e+00 2.630744007822218400e+00
-3.758746030332416943e+00 9.348172198928988763e+00 2.466596079888535353e+00
-1.621547443752572759e+00 1.003974854197024769e+01 1.940634154494445873e+00
5.600259771220311711e-01 1.031935743537048822e+01 1.083842214856924224e+00
2.642295957862739630e+00 1.010811640318442528e+01 -5.638125113110509928e-02
4.486961534043961031e+00 9.375138502121883377e+00 -1.416103318864804228e+00
5.997224926200321882e+00 8.191870484181119849e+00 -2.841916754453551519e+00
7.096453778533851064e+00 6.645328464403982949e+00 -4.185115403863206573e+00
7.734056059256674942e+00 4.828778533937001072e+00 -5.310038738271365411e+00
7.903890432946995226e+00 2.867810511196915435e+00 -6.057678675039614546e+00
7.641445383164884753e+00 9.348769529908557141e-01 -6.281994199577680682e+00
6.988744366875321745e+00 -8.314587354054476798e-01 -5.917128080063614348e+00
6.028299426392337956e+00 -2.304891954553633049e+00 -4.943255975110871780e+00
4.902080630160474684e+00 -3.341836158542728974e+00 -3.407806546810558501e+00
3.786287427230422331e+00 -3.828899850565844698e+00 -1.416299432911689138e+00
2.842387647981508447e+00 -3.771307922930861700e+00 8.198053425835408747e-01
2.187361503994318390e+00 -3.222890500103362754e+00 3.076627261084482257e+00
1.910293296836114152e+00 -2.271642490673698944e+00 5.121116028774036266e+00
2.055850914297405296e+00 -1.053668203816067184e+00 6.725235385610211836e+00
2.616129129374597184e+00 2.503556664964020628e-01 7.690708516080274393e+00
3.537220048389392080e+00 1.482328860979685414e+00 7.939894188908323436e+00
7.305792857052171740e+00 -1.656440389134052449e+00 5.385996845080852857e+00
6.993548383031202853e+00 -1.601719271649159948e+00 4.332131957055627147e+00
6.190907420519312865e+00 6.412269174375289094e-01 1.717245644642319213e+00
5.881705236781837876e+00 -1.561545559909154113e+00 -2.089199037477277976e+00
4.803947692314519458e+00 -3.549574374443608793e+00 -5.107114603562795452e+00
2.948778130852224511e+00 -5.396163061057912991e+00 -7.353206238555487495e+00
8.877468051199474131e-01 -7.067977660565977871e+00 -8.288432852874533907e+00
-1.210872704466771754e+00 -8.184358687806359001e+00 -7.923594692722222277e+00
-3.581603004165691218e+00 -8.649836470543117883e+00 -6.324442093203523463e+00
-6.266077760237402927e+00 -8.712066143586621791e+00 -3.769367852230769422e+00
-8.747579073210294709e+00 -7.892340612678486522e+00 -1.024239753764918825e+00
-1.040353771156698315e+01 -6.239759744427619381e+00 1.379231459654231662e+00
-1.115994578241028812e+01 -4.545438860152180460e+00 2.940226133310619439e+00
-1.152147871375917632e+01 -2.951660096423118773e+00 3.742056042862530685e+00
-1.167520703242354685e+01 -1.244673069467742810e+00 4.378687923800940851e+00
-1.145347732136898067e+01 5.248387542294166153e-01 4.741418550935715182e+00
-1.078203313586917034e+01 2.363534213315405808e+00 4.762239877572603142e+00
-9.671326740251448228e+00 4.013812717757671678e+00 4.380554975802698259e+00
-8.291588462460662612e+00 5.388500576155625055e+00 3.633660418569804484e+00
-6.841807778117110495e+00 6.399856743515048407e+00 2.571489779089968675e+00
-5.406786187501871233e+00 6.921000846620116498e+00 1.176140030748548559e+00
-4.039918085131066761e+00 6.974074428925587377e+00 -5.529057689164752487e-01
-2.844789637916909975e+00 6.623827814910114853e+00 -2.410189590574862706e+00
-1.908557040708380503e+00 5.857071103933883194e+00 -4.270215420342452717e+00
-1.357183091598208380e+00 4.752153030013716695e+00 -5.874563958351020965e+00
-1.171245875369816059e+00 3.512994891228499394e+00 -6.935230581712233722e+00
-1.329823475195917926e+00 2.317490931988579472e+00 -7.275847946505105135e+00
-1.786545771201276001e+00 1.336131071889859356e+00 -6.817249453139141657e+00
-2.401582975146812959e+00 7.356381492694160640e-01 -5.549889520377908170e+00
-2.968307694482739567e+00 6.348743134586840586e-01 -3.664604631737945262e+00
-3.292761410157570623e+00 1.035234454911030166e+00 -1.447499863753012539e+00
-3.260781117402021589e+00 1.832428353443853020e+00 8.098688834353071631e-01
-2.828018484212076800e+00 2.928251218050367477e+00 2.816488629790682374e+00
-1.966546191952668554e+00 4.199171228865989924e+00 4.381014395281204621e+00
-6.677427688017329999e-01 5.481636857317079503e+00 5.331605560677486366e+00
9.966150124486869988e-01 6.632499549050758780e+00 5.627804988480471060e+00
2.905138300921618288e+00 7.487787937895657109e+00 5.320421169662995275e+00
4.905207012956787516e+00 7.955827849414705888e+00 4.551197310160519649e+00
6.849922572584898006e+00 8.020821865155859598e+00 3.518845013718735704e+00
8.629489325646959585e+00 7.681158433414710274e+00 2.361931866620690545e+00
1.016414816649824893e+01 6.946776054953679669e+00 1.154764465168985454e+00
1.139348615953068844e+01 5.839785769692585227e+00 -6.673367981712684249e-02
1.225980243975664052e+01 4.388222012830440555e+00 -1.293383352518949758e+00
1.270354576042961448e+01 2.648114367664020197e+00 -2.477122292912765644e+00
1.269345512206305138e+01 7.199179421073740315e-01 -3.521973592023813548e+00
1.222983010898084366e+01 -1.276163104270402249e+00 -4.316593365147693540e+00
1.134430044268576054e+01 -3.230103884092035749e+00 -4.754686173734528509e+00
1.007984258059691385e+01 -5.040180850622704156e+00 -4.750445716824190256e+00
8.497065439789158958e+00 -6.586626252892498812e+00 -4.232895420070712511e+00
6.684763585644420303e+00 -7.756747662811640964e+00 -3.189354999188655615e+00
4.781434678657851656e+00 -8.438052450016590100e+00 -1.667709581764471816e+00
2.954272386944186035e+00 -8.588806831064779601e+00 1.727274401481048993e-01
1.349812337780650129e+00 -8.250747493286377576e+00 2.097087109798381199e+00
6.591904129324560602e-02 -7.510666248223217600e+00 3.881656735243843137e+00
-8.691245165441287002e-01 -6.481930859022135394e+00 5.324055715474897532e+00
-1.465016757619819643e+00 -5.300308866794880558e+00 6.247038158759465887e+00
-1.748524357106211236e+00 -4.109980695394056305e+00 6.539146661442747366e+00
-1.760195423365063849e+00 -3.020503556044261462e+00 6.180793499491381127e+00
-1.585505876138760595e+00 -2.123009111334234866e+00 5.257494214315035386e+00
-1.341634831525258420e+00 -1.513047552433226972e+00 3.902145827384028376e+00
-1.155031027955757850e+00 -1.244592683406717581e+00 2.272872092623985818e+00
-1.110056830379123172e+00 -1.281625681920291360e+00 5.818973406012285521e-01
-1.269534042267160823e+00 -1.578060763820537948e+00 -1.018292991925168200e+00
-1.680058506814264385e+00 -2.069365865065779353e+00 -2.404104252818725307e+00
-2.338203961794910413e+00 -2.672521513090960976e+00 -3.470838521972306800e+00
-3.210304358649440193e+00 -3.286693730899474364e+00 -4.166745474074660116e+00
-4.251408209811950556e+00 -3.833451951196235274e+00 -4.487174327137379848e+00
-5.413704537170875852e+00 -4.244146258857293574e+00 -4.436488799880875966e+00
-6.633149031917475291e+00 -4.438080248160437336e+00 -4.051094949515628763e+00
-7.833381385184540413e+00 -4.385457654096892810e+00 -3.417004203441679433e+00
-8.932162138326178891e+00 -4.085336527251168803e+00 -2.636509460382903569e+00
-9.869937444186120956e+00 -3.526853082172438647e+00 -1.769189573715804764e+00
-1.060424963550780575e+01 -2.714574339493635247e+00 -8.657167934989798974e-01
-1.109170193903453949e+01 -1.669459291970652792e+00 4.041603777981792045e-02
-1.128609557932041696e+01 -4.194808557091902479e-01 9.125301594499294344e-01
-1.114456545351684902e+01 1.005385032246516541e+00 1.712515128024138633e+00
-1.064750455725833689e+01 2.538818004384807203e+00 2.396014916733569589e+00
-9.797657944247704975e+00 4.111853658487754970e+00 2.911375022788020406e+00
-8.599635397608466292e+00 5.664327457273599542e+00 3.225135272413980125e+00
-7.066811867216642007e+00 7.109303411964856600e+00 3.281033554287699605e+00
-5.245322509397543520e+00 8.348703816088898222e+00 3.029527575599291200e+00
-3.222601782557611649e+00 9.266090446058607100e+00 2.441302585894776556e+00
-1.124038723585841559e+00 9.745329903126361160e+00 1.484410402317282829e+00
9.089030841202170308e-01 9.706041095007288177e+00 1.806989752636303792e-01
2.735583344377222392e+00 9.120509114534666395e+00 -1.395154528862557530e+00
4.229877233140200588e+00 8.025449515038149073e+00 -3.105010844968428163e+00
5.291414394662923293e+00 6.482546408377166891e+00 -4.780645208851079353e+00
5.860913177470111535e+00 4.610163048281717302e+00 -6.218520468053555739e+00
5.917578438850374489e+00 2.580731490087613267e+00 -7.192783919620728383e+00
5.477122477512041954e+00 5.777249719964930863e-01 -7.525989415754120948e+00
4.602152429835030922e+00 -1.222377463681259657e+00 -7.122822743632682752e+00
3.423857411607906354e+00 -2.635631926390768598e+00 -5.961854285540159282e+00
2.127818675763873291e+00 -3.493103380405813141e+00 -4.112345188674041196e+00
9.069067235523275983e-01 -3.715393275294856412e+00 -1.749494126814971739e+00
-6.262683116348514989e-02 -3.312034838163667061e+00 8.693240318855288695e-01
-6.243420408700720570e-01 -2.336036103736349290e+00 3.484886910481127753e+00
-6.807457462043277063e-01 -9.378342345397640001e-01 5.779019832816868707e+00
-2.060801668825214539e-01 6.865072845136881430e-01 7.473989703247432281e+00
7.691280091239268701e-01 2.326024088531616130e+00 8.388670876726786574e+00
2.154898605358111396e+00 3.789221592163467545e+00 8.438808590785697561e+00
3.504537124921921709e+00 1.048872718560025241e+01 8.720104629202314328e+00
5.583816899393847955e+00 8.670067992648085919e+00 6.732851898875643393e+00
7.022197347720487315e+00 4.636651499880135141e+00 3.328418074557198736e+00
7.833292874614993018e+00 2.992643017299855934e+00 2.674378763751772761e-02
8.113639869104927627e+00 1.297212911092554322e+00 -2.649434883016184461e+00
7.628501268740088825e+00 -6.072597215643524837e-01 -5.010596584126849606e+00
6.628866638651839338e+00 -2.611098086508050198e+00 -6.578979012634767365e+00
5.368885159374662486e+00 -4.493355926777749865e+00 -7.123643494973672219e+00
3.706202030229894362e+00 -5.840842021717437049e+00 -6.672695751297428757e+00
1.561345967510031185e+00 -6.890097587076434493e+00 -5.251026758535956240e+00
-7.678134763596804468e-01 -7.407472542023868733e+00 -3.258536073358395235e+00
-2.738019836660064321e+00 -6.996010782205290823e+00 -1.026786079368715132e+00
-4.085254536621758525e+00 -6.208116886724489802e+00 9.423209850765789097e-01
-5.024911443109731479e+00 -5.306361691448196360e+00 2.371263964345879494e+00
-5.824233699271911036e+00 -4.189301544788108345e+00 3.590963105674555234e+00
-6.296293804476775335e+00 -2.916684027015245650e+00 4.379699475779092133e+00
-6.389269218057189725e+00 -1.498376859742531764e+00 4.762163377998461122e+00
-6.111189913942743246e+00 -1.092498266792917561e-01 4.683466750495999698e+00
-5.576513697209898091e+00 1.118091940320590449e+00 4.165365545521889423e+00
-4.895113517381487256e+00 2.120917877310281252e+00 3.373147918982301707e+00
-4.125163462697453376e+00 2.864256135267154502e+00 2.333485435292338206e+00
-3.367785719539047040e+00 3.309073723687019353e+00 1.129993096216725945e+00
-2.674322040717065807e+00 3.427434705759143441e+00 -1.967483583797245417e-01
-2.108496769261497317e+00 3.266757019907621018e+00 -1.541593074751423265e+00
-1.702822072560877142e+00 2.861924014072467770e+00 -2.805167073320571802e+00
-1.498313031320148481e+00 2.253990699607578030e+00 -3.875370549079057092e+00
-1.528477267162507980e+00 1.538777279966183409e+00 -4.616228811467674831e+00
-1.782466792100684483e+00 8.208270693686925412e-01 -4.936547220223901355e+00
-2.215895828950054547e+00 1.963984545587012243e-01 -4.803902022466650656e+00
-2.759293248648527097e+00 -2.500094175887248582e-01 -4.252046176851066228e+00
-3.331729774332579996e+00 -4.657932090693828187e-01 -3.368299170398989517e+00
-3.840861591555372101e+00 -4.004654840029981400e-01 -2.244625986391528993e+00
-4.191342544501551970e+00 6.969689788688507998e-03 -9.286848509185257061e-01
-4.289913036605335961e+00 7.672831966473260268e-01 4.992097582590634408e-01
-4.056562886557724568e+00 1.812699962516797658e+00 1.908957169087147410e+00
-3.438950084804214935e+00 3.033140699638423587e+00 3.149485412804159612e+00
-2.437662763370266994e+00 4.315643116224707754e+00 4.085295751529339547e+00
-1.111807607439945222e+00 5.527704226798797471e+00 4.602452413223970140e+00
4.660059019826010007e-01 6.561231207259936582e+00 4.654915644317163981e+00
2.235750905595518923e+00 7.345398355089768572e+00 4.275677297457518122e+00
4.120998214507366697e+00 7.806093743498793813e+00 3.532957832621357319e+00
6.006118388890198112e+00 7.873837837424504826e+00 2.537774421773627775e+00
7.750787016527745266e+00 7.498630748064083917e+00 1.393730364422299584e+00
9.228074585028275933e+00 6.677659204110331537e+00 1.621181863372723464e-01
1.035934613068095977e+01 5.462903782793440577e+00 -1.086314699234070646e+00
1.109256820876178651e+01 3.915623136235104607e+00 -2.315093483328759305e+00
1.138639461669995789e+01 2.104601004699902411e+00 -3.476640101923242465e+00
1.122417838303366722e+01 1.172041094324246802e-01 -4.465373430435417568e+00
1.060790393071634341e+01 -1.908677793018848101e+00 -5.135813586390812091e+00
9.549649431314497505e+00 -3.844451883664291802e+00 -5.358059280514668288e+00
8.093399789338139527e+00 -5.583947726379255627e+00 -5.059218300221028031e+00
6.340833210432159639e+00 -6.986115540891741027e+00 -4.210321404388186473e+00
4.438197964849845967e+00 -7.912217892580675205e+00 -2.836032531614331553e+00
2.546892937957393244e+00 -8.283682796638339951e+00 -1.047961241400101384e+00
8.161354865744095965e-01 -8.108144946197507252e+00 9.617963283339475700e-01
-6.197016273017150745e-01 -7.439043942730493519e+00 2.970637968169701271e+00
-1.663691640308112341e+00 -6.358630748591019177e+00 4.777221549389730093e+00
-2.294761670194713776e+00 -5.010633563513549049e+00 6.165867105367307310e+00
-2.534234284582518093e+00 -3.557241279652181287e+00 6.968004403731347551e+00
-2.406224527702325311e+00 -2.121418335174246383e+00 7.123251127745036548e+00
-1.953388837978563775e+00 -8.008084595154750795e-01 6.652642645537766519e+00
-1.284017760407478725e+00 2.430036124109138385e-01 5.592307863857719497e+00
-5.441185584687378007e-01 8.585061593702575378e-01 4.026813826832370324e+00
1.246012154619173529e-01 1.027817817758435837e+00 2.148768460847241712e+00
6.038432948015209911e-01 8.011753526422911165e-01 1.779944937109557979e-01
7.907279790629148097e-01 2.009051668502473409e-01 -1.742447080100401946e+00
6.418018592551457679e-01 -6.981542080721093724e-01 -3.442094942773849198e+00
1.546684922583715649e-01 -1.792701638064781777e+00 -4.798213296402889405e+00
-6.701416914939715141e-01 -2.941255587510918978e+00 -5.686850986524341067e+00
-1.816993798682517758e+00 -4.024333681896687942e+00 -6.023867652036375198e+00
-3.227145821107124668e+00 -4.899368997385677105e+00 -5.803949262803541842e+00
-4.756212027627996441e+00 -5.436615669020446795e+00 -5.080454484028789075e+00
-6.264580189282054512e+00 -5.608327454063036122e+00 -4.012623848752400413e+00
-7.665029751594806484e+00 -5.420964488514242063e+00 -2.773316084837644802e+00
-8.899924965787530340e+00 -4.894249777627380560e+00 -1.469417180664193134e+00
-9.892393976301589120e+00 -4.014040831729171366e+00 -1.737224893008840754e-01
-1.056898217627217207e+01 -2.809590536314105602e+00 1.046326038447341178e+00
-1.087187992226049715e+01 -1.365180578558858882e+00 2.113692693537895462e+00
-1.076944560172174015e+01 2.525488611435757202e-01 2.997448139191865923e+00
-1.026232371397152399e+01 1.982106025438592267e+00 3.691717128839722140e+00
-9.365138931074151074e+00 3.742153664218341280e+00 4.162263854462335821e+00
-8.102264971289162787e+00 5.430376532272039647e+00 4.360008421554264935e+00
-6.493967085728623800e+00 6.950750690063244086e+00 4.216335771526087406e+00
-4.598473617858575224e+00 8.197784766196008377e+00 3.694693204238403084e+00
-2.539837818412975068e+00 9.022590727499164132e+00 2.742852321297445162e+00
-4.837480662566305822e-01 9.305801178955105613e+00 1.355099429442793157e+00
1.425358357865674108e+00 9.012700136434030895e+00 -3.697071883075006560e-01
3.049516607135679624e+00 8.162766665276473432e+00 -2.298081678225605273e+00
4.262159340555619735e+00 6.812581084550497046e+00 -4.239934104567743667e+00
4.977855817186581433e+00 5.052692260126574908e+00 -5.979429268372105533e+00
5.161121986690297092e+00 3.056850054650109172e+00 -7.282309878594610097e+00
4.821900376566951252e+00 1.017741900925843490e+00 -7.944344039934764901e+00
4.005738358200277460e+00 -8.814978517120928281e-01 -7.845061130306215880e+00
2.819022671798370627e+00 -2.446204988142045345e+00 -6.949466501244927485e+00
1.442220088358415753e+00 -3.499570355105349417e+00 -5.312916853073097023e+00
8.632961629160255945e-02 -3.920445555885358146e+00 -3.090179711540166352e+00
-1.064699577604898195e+00 -3.686195741547538152e+00 -5.090643083964002669e-01
-1.856281037616770213e+00 -2.858806422918142687e+00 2.148561727272359612e+00
-2.164440967785306036e+00 -1.538875256463341001e+00 4.613249583739836623e+00
-1.926681023613008525e+00 9.747387281266116366e-02 6.595744358437559463e+00
1.104760983280201003e+00 3.990757840930721390e+00 4.396189324050007841e+00
1.717248512391053250e+00 5.038927880532030557e+00 6.879265117390353623e+00
1.957387542075533782e+00 5.836556819611375069e+00 9.097252847603204629e+00
4.078872595756264374e+00 7.409444112586859532e+00 8.839611810392527858e+00
6.369798846119000935e+00 8.159489656094304877e+00 7.707557072818666200e+00
8.626102010608798665e+00 8.164843296297110697e+00 5.920227558009704794e+00
1.047200997649718701e+01 7.522055020632468114e+00 3.572361279603732953e+00
1.176042172379451678e+01 6.201880921060627827e+00 9.068351917225077052e-01
1.255262707271104183e+01 4.320844939305916732e+00 -1.864754924872799924e+00
1.289399653840637150e+01 2.137642208562651636e+00 -4.522266906697963051e+00
1.257758315659535953e+01 -4.808518671785146359e-01 -6.797873482381072918e+00
1.133742218311178540e+01 -3.358441555852922811e+00 -8.346876794990174986e+00
9.233911521679322831e+00 -5.991347344335147262e+00 -8.837403435184537415e+00
6.636083098354859544e+00 -8.174087015993530159e+00 -8.402149963628005480e+00
3.898735532953798266e+00 -9.751122156274062647e+00 -7.241236663785452166e+00
1.147792720853179960e+00 -1.063099594238623880e+01 -5.416556575939076801e+00
-1.546441394248728063e+00 -1.082886493577144194e+01 -3.138878714032220962e+00
-4.021276758976521037e+00 -1.035497708147293139e+01 -5.973310957763318108e-01
-6.062862962797131772e+00 -9.263329761428389375e+00 1.890947864639887177e+00
-7.554209797001263382e+00 -7.664857427206808183e+00 4.048210214247894179e+00
-8.478518227906214122e+00 -5.769449287458382258e+00 5.711552320611358091e+00
-8.871173034926806977e+00 -3.735237570642552463e+00 6.759158916479354851e+00
-8.758651102061884686e+00 -1.671305131156140877e+00 7.176667275155129921e+00
-8.180027906592702180e+00 2.747566086918618589e-01 6.980063297229056829e+00
-7.266774570372422026e+00 1.982368401513731282e+00 6.222279366677248014e+00
-6.164690781983781953e+00 3.356257156012953047e+00 5.024965543510794497e+00
-4.960740526133056605e+00 4.320002745227552232e+00 3.476758052692495937e+00
-3.762094926439085274e+00 4.811385657691595874e+00 1.622219890109333207e+00
-2.681370234276116093e+00 4.815837217423590388e+00 -4.107896829369651059e-01
-1.841645949034785401e+00 4.364151058373398229e+00 -2.451812493134472692e+00
-1.339285875651741842e+00 3.563270529244912055e+00 -4.307370911638651378e+00
-1.185623683756756197e+00 2.531079293980913025e+00 -5.774061176967119735e+00
-1.361031320327722227e+00 1.397196565281663805e+00 -6.706139115659638605e+00
-1.842161420127089499e+00 3.150218841489342281e-01 -6.994626691115723993e+00
-2.580258409017095023e+00 -6.035061498073260866e-01 -6.612222157673652845e+00
-3.481936062864585235e+00 -1.243865424262704522e+00 -5.651977567519994139e+00
-4.408743327433420234e+00 -1.495071758587000366e+00 -4.234701590325821385e+00
-5.199551009502462406e+00 -1.302936132112800349e+00 -2.527392186101377725e+00
-5.733168979133682619e+00 -6.607139438007777477e-01 -6.907586002234964440e-01
-5.905170034890761421e+00 3.947455803214715564e-01 1.154236155001525210e+00
-5.632789921694592472e+00 1.775185628030611529e+00 2.863249097297089651e+00
-4.886867695268950484e+00 3.348462447755005122e+00 4.278591876182646914e+00
-3.685603411982138589e+00 4.948660437451431804e+00 5.254397179847282828e+00
-2.097157673712674253e+00 6.421297645527071829e+00 5.685343686304914712e+00
-2.119255537973524228e-01 7.637866106870521143e+00 5.536526352826863118e+00
1.865312128491253274e+00 8.483696183043633710e+00 4.848246107013625128e+00
4.010800538853079189e+00 8.895973466197489188e+00 3.748595689169040845e+00
6.086846769225481069e+00 8.835262082934493222e+00 2.402324758891033252e+00
7.952341412521648500e+00 8.257428379663629414e+00 9.138233374910240681e-01
9.482582325242878696e+00 7.169214111603668727e+00 -6.332617851438991918e-01
1.058630427028891141e+01 5.650515288071711772e+00 -2.143086431530230929e+00
1.120172619193377450e+01 3.803118674456887227e+00 -3.540788222946956498e+00
1.129473396898944237e+01 1.717929197009549380e+00 -4.755177906376624186e+00
1.088125763574850779e+01 -4.714433367165323241e-01 -5.664545916250635749e+00
9.997789112700614211e+00 -2.616259087482159629e+00 -6.138639628413725013e+00
8.676014076787051721e+00 -4.596044279854330838e+00 -6.083707466282619158e+00
6.974563659163457885e+00 -6.294261686683804591e+00 -5.443685033307667176e+00
5.011679370107687603e+00 -7.569799740311375480e+00 -4.230856073009923612e+00
2.967815876355794913e+00 -8.282571255033349900e+00 -2.516370679650184350e+00
1.030337399394438247e+00 -8.382207427986548609e+00 -4.542492609921046087e-01
-6.515680109564597755e-01 -7.911114873148290982e+00 1.721595954907515269e+00
-1.953109805447978520e+00 -6.926166382730997384e+00 3.827758544010659847e+00
-2.788511121150585303e+00 -5.523631929211588520e+00 5.680344926356111657e+00
-3.149846019799090069e+00 -3.866652799544053831e+00 7.058043863297994491e+00
-3.050858265748947140e+00 -2.130368189779432431e+00 7.816503065704349495e+00
-2.521304876478536183e+00 -4.592683685151681683e-01 7.880033892245407401e+00
-1.639875686197105331e+00 1.018310053728300080e+00 7.252050645149435759e+00
-5.332940322713033421e-01 2.128404906351845316e+00 5.997275183818427280e+00
6.307253709193821889e-01 2.716512646731712444e+00 4.194548243692137746e+00
1.686476738000862063e+00 2.748448927024382371e+00 2.024281216145849438e+00
2.498928066340410759e+00 2.261550160938737619e+00 -2.702330088724106405e-01
2.930466915805058470e+00 1.318033174323803847e+00 -2.498641492837375910e+00
2.913759837471118441e+00 3.620501425002999041e-02 -4.431087865797031178e+00
2.450272190288085294e+00 -1.466914255644593101e+00 -5.911735710267132404e+00
1.554361278402539348e+00 -3.013679506253524654e+00 -6.808780943233671223e+00
2.614526403558722900e-01 -4.446321326313205091e+00 -7.022297583375967100e+00
-1.357357264291029209e+00 -5.617144583648230771e+00 -6.576785321705450826e+00
-3.149291561191524647e+00 -6.375483561800934673e+00 -5.559984558086997986e+00
-4.931470313922122983e+00 -6.673262607067934837e+00 -4.155980511756404816e+00
-6.578503148831359226e+00 -6.528229675487779105e+00 -2.600569879806221785e+00
-8.020078606029407808e+00 -5.976739969617342219e+00 -1.029240068241229933e+00
-9.180455751660426600e+00 -5.030721317503938472e+00 4.784035778405455464e-01
-9.991202760480625500e+00 -3.724932435315632784e+00 1.853194635387690248e+00
-1.039258607082592967e+01 -2.156909495410411548e+00 3.019900042261647322e+00
-1.034787340953293366e+01 -4.102119205580960770e-01 3.943983925736270990e+00
-9.863841468831639148e+00 1.445220014748212156e+00 4.617090613292374357e+00
-8.966196501086596271e+00 3.312283950367250096e+00 5.012925647939827201e+00
-7.691991635686621365e+00 5.072507726280607976e+00 5.081089093362687770e+00
-6.077527500350735856e+00 6.620600934595835874e+00 4.759195484374877161e+00
-4.197453809844957640e+00 7.825049386057295386e+00 3.990427328900305604e+00
-2.194400892344225529e+00 8.539126210192479860e+00 2.737361644895284218e+00
-2.462883703401678726e-01 8.669845455901812770e+00 1.042822621374266845e+00
1.492346274680502960e+00 8.206642722313896243e+00 -9.543582059609028168e-01
2.894951617180023362e+00 7.198024393092742557e+00 -3.069541852194006104e+00
3.853737536464859836e+00 5.724159118552382353e+00 -5.076257017313727360e+00
4.296731121040686219e+00 3.899719061344289361e+00 -6.744445240648177631e+00
4.197196770408743838e+00 1.902587066646993286e+00 -7.848258969656679795e+00
3.582494559046943916e+00 -5.913470992233235690e-02 -8.215146056185991696e+00
2.532687046071264270e+00 -1.786160073695108430e+00 -7.771531235093115164e+00
1.191348045579318615e+00 -3.097352121153094551e+00 -6.549994755222759757e+00
1.120351658345108969e+00 -3.109369309048155117e+00 -2.468506460633124178e+00
-9.306186708856813983e-01 -3.076917604389688865e+00 -2.810100344974725495e+00
-3.055602538435963744e+00 -5.102145077579705479e+00 -2.097927593345691122e+00
-4.166295732443566990e+00 -4.754429762864951670e+00 -6.142287239872983307e-01
-5.211253406813232125e+00 -4.100282950255165204e+00 5.185930306785178079e-01
-5.988258080716155618e+00 -3.261154579677088439e+00 1.506810191410316024e+00
-6.216308654413062129e+00 -2.345025726341243733e+00 2.508487500301721518e+00
-6.064848849892793048e+00 -9.341678292742264800e-01 3.464057321929150390e+00
-5.827565429428207544e+00 3.964041119574516769e-01 4.422984275521876896e+00
-5.446783662074548893e+00 1.585307930848796509e+00 5.172166512209958711e+00
-4.625019746173141932e+00 3.007115703511655802e+00 5.416922114644770581e+00
-3.231840469416422224e+00 4.211871801257332848e+00 5.050840401218416709e+00
-1.594111607186521562e+00 4.913692276847722695e+00 3.770278251843676820e+00
-2.705982039150227614e-01 5.270740076463305890e+00 2.308199075527393784e+00
9.426635429863493565e-01 5.244980826654157546e+00 6.733632323609891612e-01
2.069787353625622384e+00 4.895450014284155493e+00 -9.746812885998302756e-01
3.053712279723717060e+00 4.182785945111685777e+00 -2.515728140863757734e+00
3.673737386857210296e+00 3.119383485899591690e+00 -3.770802816564238658e+00
3.814794949933606460e+00 1.902392130403738557e+00 -4.536776960148567461e+00
3.602743024426024565e+00 7.218318523017485111e-01 -4.787492502285734197e+00
3.212591083635842448e+00 -3.329896825587266296e-01 -4.610781391864228418e+00
2.727881594292500100e+00 -1.249019937130281255e+00 -4.132194868372840446e+00
2.121658534950507047e+00 -2.011603978662598990e+00 -3.372789476690212673e+00
1.411162816227069516e+00 -2.525288103702026277e+00 -2.338377318691724049e+00
6.868162359972587172e-01 -2.693029852560163029e+00 -1.044591298597784546e+00
7.971933801791966645e-02 -2.527474599964607549e+00 3.338728210647278760e-01
-3.062887864729245124e-01 -2.053331432473772811e+00 1.691915247759182561e+00
-4.220928463444643675e-01 -1.304557670217562526e+00 2.960961955824158665e+00
-2.661703091476764760e-01 -3.427220497831153789e-01 4.051416487441860781e+00
1.600797972269538405e-01 7.174000827056611351e-01 4.859038987009265398e+00
8.862197894817867017e-01 1.809107670041825822e+00 5.325138420136558359e+00
1.888628796687001454e+00 2.823069415114254355e+00 5.369474273935017195e+00
3.086766906651678077e+00 3.616671590057621621e+00 4.962691226765959307e+00
4.372829297306656038e+00 4.075719822795507596e+00 4.137456530415928313e+00
5.630689342448499168e+00 4.137619226083187662e+00 2.947384715230945140e+00
6.751992263845140840e+00 3.733588376722237090e+00 1.442720722821253077e+00
7.608777591074555424e+00 2.842025271196085168e+00 -2.612426506450883368e-01
8.082807791789759833e+00 1.540471044205855122e+00 -2.000524346897921468e+00
8.096887483957077691e+00 -6.366537103740740888e-02 -3.575884205292227058e+00
7.622609899963368463e+00 -1.863903877145273169e+00 -4.845899435739191574e+00
6.668276914666376953e+00 -3.703834879042857686e+00 -5.652716332845455938e+00
5.279035179252257848e+00 -5.430822092639353116e+00 -5.889447186017923386e+00
3.524272952726304364e+00 -6.890614028937077862e+00 -5.512984933792057340e+00
1.521394358335912411e+00 -7.957000061691550385e+00 -4.564466263737648966e+00
-5.635422306928440372e-01 -8.535324909509924396e+00 -3.172262348886507599e+00
-2.557024003245420118e+00 -8.570061053935710049e+00 -1.492367821592148314e+00
-4.331694874577896925e+00 -8.095661425813288403e+00 2.817973240789747869e-01
-5.805244637256471663e+00 -7.190723133501857767e+00 1.962555716128397965e+00
-6.910817890120924289e+00 -5.929669183466436344e+00 3.429924337372699306e+00
-7.605752955652109293e+00 -4.405715655743881243e+00 4.567901067861899200e+00
-7.888068309993075289e+00 -2.738814519088828003e+00 5.289071187256149109e+00
-7.779127571548002607e+00 -1.054723617087190757e+00 5.554842821403838116e+00
-7.321835960889933048e+00 5.556033006482629100e-01 5.369586846190951057e+00
-6.581404603891362726e+00 1.993801734189330377e+00 4.765286024886600913e+00
-5.648693795379555738e+00 3.147953823095914316e+00 3.772156528873439552e+00
-4.627331586598977253e+00 3.938787244226224615e+00 2.442790983592752152e+00
-3.623875767783775625e+00 4.314017763293057861e+00 8.453951443367240248e-01
-2.737495771671092815e+00 4.274214570926336165e+00 -9.018068102936088737e-01
-2.066972092363673408e+00 3.842864882155660133e+00 -2.662471737682072348e+00
-1.679159438785863045e+00 3.095038682407778463e+00 -4.266314596425951677e+00
-1.598347786254739500e+00 2.132804909655440451e+00 -5.534127269317364650e+00
-1.832149842610623747e+00 1.079340327561990609e+00 -6.325816214062677467e+00
-2.355109448010491935e+00 7.840653068064544484e-02 -6.527514262000009282e+00
-3.107917957292507971e+00 -7.480441737997417517e-01 -6.120792627727489332e+00
-3.986616164597863055e+00 -1.283587502484465626e+00 -5.181068647424012852e+00
-4.859130572430103712e+00 -1.446181266154007883e+00 -3.819410105424717372e+00
-5.588088945692531340e+00 -1.164548871418147558e+00 -2.159508438520657325e+00
-6.050325812234129685e+00 -4.127198398331754503e-01 -3.174292407930441873e-01
-6.135688088040452293e+00 7.452414961908989666e-01 1.542409671198816890e+00
-5.756214293689443373e+00 2.211945091536966945e+00 3.249244082744464635e+00
-4.880215943075339347e+00 3.846917723516289023e+00 4.638071572745277926e+00
-3.548718649869134989e+00 5.469521515313261695e+00 5.528934374138375851e+00
-1.846679603328840180e+00 6.915546739650794805e+00 5.825968533639369618e+00
1.360676111119229204e-01 8.063114946285358187e+00 5.517455001515462421e+00
2.289553303070599455e+00 8.823465328958496556e+00 4.677013166490612051e+00
4.478673135372021719e+00 9.122713291391530532e+00 3.456628371555857449e+00
6.552664854293406727e+00 8.908879092856029303e+00 2.008359008837571125e+00
8.367625217802945770e+00 8.172357201332573595e+00 4.558863561565013600e-01
9.814934853426683148e+00 6.951225780800059262e+00 -1.099982251448782478e+00
1.081031503494799573e+01 5.331364549405462228e+00 -2.580988801700010882e+00
1.130682630880443540e+01 3.419199338245245912e+00 -3.908749931829671453e+00
1.129608166432329242e+01 1.313382045743325177e+00 -5.009118611769104668e+00
1.080321846779260397e+01 -8.452997514215760955e-01 -5.762523573997426318e+00
9.856317266665927335e+00 -2.932264076588031010e+00 -6.058336821218574642e+00
8.486410423939920733e+00 -4.835188932420438235e+00 -5.824406946073415803e+00
6.771260585135405741e+00 -6.423337765250958675e+00 -5.020588715159586712e+00
4.847901099105901501e+00 -7.556251585743762433e+00 -3.674527373436905275e+00
2.894052868563365077e+00 -8.118461707895013646e+00 -1.877678177350097011e+00
1.080023100255799617e+00 -8.093405912864566787e+00 2.006606952586089121e-01
-4.536157479111122548e-01 -7.527150917209660008e+00 2.338901757038290175e+00
-1.594398080469133339e+00 -6.474433252005487027e+00 4.370777177250177559e+00
-2.282086310641492144e+00 -5.051679213840771787e+00 6.094195648026175860e+00
-2.517539151414947884e+00 -3.432373813545180230e+00 7.293086667464253381e+00
-2.312486668084503094e+00 -1.779540540480269550e+00 7.842471411312097018e+00
-1.702139593489670810e+00 -2.165070627351071975e-01 7.700661015856506530e+00
-7.877958166602461176e-01 1.107918937776730672e+00 6.885442445477187867e+00
2.878946175725017320e-01 2.005848883797714866e+00 5.456014107567090043e+00
1.359561802774218897e+00 2.366645018564888847e+00 3.527606692855362880e+00
2.276804932734403764e+00 2.201917492575435453e+00 1.322197352601138132e+00
8.694944352899568185e-02 -8.606031271682035300e-02 2.382286725161253393e-02
