-4.121002623056042174e-02 1.662841119373507648e-01 -4.487636694838191553e-02
-1.701882788480132414e-01 -7.689248528192288434e-02 7.160517815367967165e-02
-2.060475837094060125e-01 -1.074505491871908525e-01 1.080300245121708635e-01
-2.688972252692098386e-01 -1.501410901546180177e-01 1.138846523430463442e-01
-2.898094643933337156e-01 -2.002697719442699253e-01 1.025092412524417906e-01
-2.608763888691783550e-01 -2.499594101076945407e-01 7.930743033864172398e-02
-1.975708015418223829e-01 -2.908408071701360509e-01 4.261244930631865463e-02
-1.201462554665214122e-01 -3.178395649008763924e-01 -4.613853972027126549e-03
-4.419049106798411675e-02 -3.292284624435436458e-01 -5.387857456843930803e-02
2.199960656264686801e-02 -3.257748549191117338e-01 -9.508354914378318312e-02
7.636832106451665880e-02 -3.112853340125766310e-01 -1.199213940546456497e-01
1.194776431449533355e-01 -2.896268974212024006e-01 -1.248757595664097136e-01
1.512501066646216863e-01 -2.620676359185661886e-01 -1.108536367916363730e-01
1.717717457935491188e-01 -2.300160681453059242e-01 -8.091524309769676515e-02
1.818471867271352349e-01 -1.962647839652601478e-01 -3.941822470926191480e-02
1.827871505314694334e-01 -1.642546338280401752e-01 8.335535227501168765e-03
1.760081902041474300e-01 -1.363072131307061785e-01 5.640368478186927326e-02
1.630368443614486351e-01 -1.134598567144788628e-01 9.937828758499725468e-02
1.460958041933679008e-01 -9.681778205277055682e-02 1.331756291757421051e-01
1.273221283286371519e-01 -8.670923529957999532e-02 1.547958295756811653e-01
1.082626209207863399e-01 -8.246417111804034417e-02 1.626295440376162027e-01
8.994942408084921626e-02 -8.272391179208418710e-02 1.565209474042548177e-01
7.285923629076521135e-02 -8.576213294352799665e-02 1.377727405062190713e-01
5.723920888616134545e-02 -9.012027139430668632e-02 1.088848312152876502e-01
4.310859956184708713e-02 -9.455578277299103718e-02 7.304686315458903956e-02
3.051387227741653857e-02 -9.838426486946211247e-02 3.381325376574957631e-02
1.938331937764484897e-02 -1.008445932481796675e-01 -5.548403448358722040e-03
9.403884783423143573e-03 -1.009508269840518890e-01 -4.210043072479001391e-02
3.924833077135463782e-04 -9.814462609394830617e-02 -7.329016424328858859e-02
-7.686821699156717695e-03 -9.255943990524671816e-02 -9.712883364604472936e-02
-1.493454072405722352e-02 -8.451103644165378070e-02 -1.125553700171624955e-01
-2.164443232064819367e-02 -7.424717369857707083e-02 -1.193058346427533639e-01
-2.793092570568764949e-02 -6.247955260840477865e-02 -1.176915586698811383e-01
-3.390385990631807067e-02 -4.993860055701979106e-02 -1.087111579766060626e-01
-3.976095130091625990e-02 -3.719879168058097541e-02 -9.382032121244260336e-02
-4.560270460783334007e-02 -2.489554028199835942e-02 -7.471289981427362004e-02
-5.148968111642089618e-02 -1.362260603979103570e-02 -5.321298552976774787e-02
-5.737095467552616457e-02 -4.058325696170029390e-03 -3.110418182744571422e-02
-6.307389448230621420e-02 3.101276468722222960e-03 -1.008701637110796800e-02
-6.846731231537618589e-02 7.511474830142571626e-03 8.257270192432213107e-03
-7.341069317824749918e-02 9.072450320280416036e-03 2.268923892266627024e-02
-7.772144694669164133e-02 7.867738427414124047e-03 3.235856442603744776e-02
-8.126831098167264233e-02 4.211058506301020368e-03 3.683832486642096143e-02
-8.398194127618940907e-02 -1.372462688733186659e-03 3.611776890960577413e-02
-8.589037143354938397e-02 -8.165813419072376692e-03 3.059768265856717753e-02
-8.699862110680209315e-02 -1.556214296853824543e-02 2.109393628114410169e-02
-8.725473416488097045e-02 -2.314795759658918803e-02 8.675160452784732787e-03
-8.663689854427916726e-02 -3.054308233020449487e-02 -5.506784170000224646e-03
-8.517696291961837640e-02 -3.732367709591150745e-02 -2.030067704103719062e-02
-8.294293736670560468e-02 -4.307530362924363865e-02 -3.459080603717367558e-02
-7.999744485593265897e-02 -4.753334361978496514e-02 -4.734245657957156933e-02
-7.638303959462702797e-02 -5.066224604756724981e-02 -5.768892166302673485e-02
-7.216748842414104359e-02 -5.255907374151545797e-02 -6.503817034513942330e-02
-6.742608295374684368e-02 -5.346202788531756456e-02 -6.907382070104740868e-02
-6.229095236477701081e-02 -5.355120188912897150e-02 -6.981794325980165972e-02
-5.694754235161831463e-02 -5.298267348599573767e-02 -6.750726768947912237e-02
-5.153355094319567176e-02 -5.201481524664650774e-02 -6.255636736252823127e-02
-4.621057007799133504e-02 -5.089252286181592672e-02 -5.554441055562583940e-02
-4.117204309629377001e-02 -4.977223413119993140e-02 -4.716915646369467668e-02
-3.657502565439667286e-02 -4.884281495836283876e-02 -3.812321383899053284e-02
-3.247604194704944297e-02 -4.838603063405941263e-02 -2.907877651900086374e-02
-2.884483060384340422e-02 -4.874579216813345467e-02 -2.066322409362634713e-02
-2.562478343773323675e-02 -5.011884532771279654e-02 -1.349386510931163685e-02
-2.280423532746617826e-02 -5.243941881379982073e-02 -8.082351004408065698e-03
-2.034127026587019549e-02 -5.554125767948685927e-02 -4.737837322517905563e-03
-1.818320657542592603e-02 -5.921206653300525868e-02 -3.561265066679973699e-03
-1.627452537203776667e-02 -6.324707231121773354e-02 -4.460912172667202621e-03
-1.457894570610219348e-02 -6.741803818223505995e-02 -7.203851686433369178e-03
-1.307660654197362674e-02 -7.149214922436149255e-02 -1.142929995111191012e-02
-1.172927629404292918e-02 -7.528728444969262634e-02 -1.668372989942241286e-02
-1.050217892083513994e-02 -7.864216838553994560e-02 -2.247831683188604435e-02
-9.364441648163293261e-03 -8.143015187964700030e-02 -2.832088344790259504e-02
-8.294354088270549166e-03 -8.355585291313791241e-02 -3.375887510779397582e-02
-7.285472494746571270e-03 -8.496677878848704624e-02 -3.840194081480582944e-02
-6.343809281505515679e-03 -8.565871021905296923e-02 -4.195162391301394955e-02
-5.511119294303526081e-03 -8.563204554329609253e-02 -4.422282142851930581e-02
-4.839890543038466095e-03 -8.493657478336522071e-02 -4.512498338463789838e-02
-4.370898364375359543e-03 -8.369158631204062782e-02 -4.466967652750553075e-02
-4.144188595255136887e-03 -8.204813270908833944e-02 -4.297464541818723366e-02
-4.191394586573598049e-03 -8.017050680633777682e-02 -4.024826138852309609e-02
-4.530149233229475471e-03 -7.822165375478538907e-02 -3.676536629934415434e-02
-5.162738470973232685e-03 -7.634941212771162444e-02 -3.284177810776695711e-02
-6.077035080185154252e-03 -7.467932495571545648e-02 -2.880542946195013831e-02
-7.246986794208098992e-03 -7.331110043013647215e-02 -2.497103478985723130e-02
-8.636095058744994862e-03 -7.231386065190344159e-02 -2.161791460675323989e-02
-1.020458309572393717e-02 -7.171291398301926634e-02 -1.897461034353096002e-02
-1.191350884875811908e-02 -7.148923395713033258e-02 -1.720059241880372153e-02
-1.372192382352080756e-02 -7.159268617356122355e-02 -1.637575957143298788e-02
-1.558884662983318556e-02 -7.195169088683715797e-02 -1.649970808977345785e-02
-1.747543031223086976e-02 -7.248020586842666979e-02 -1.749924600974755995e-02
-1.934561825066733257e-02 -7.308780490477821690e-02 -1.923869543726383288e-02
-2.116539066492333435e-02 -7.368918163740491301e-02 -2.153603305567448195e-02
-2.290179948989656128e-02 -7.421540302048017235e-02 -2.417986811214788839e-02
-2.452659555359417570e-02 -7.461045363740577419e-02 -2.695282128512415526e-02
-2.602536428232305257e-02 -7.481931802464725223e-02 -2.964898547287598760e-02
-2.739223198954393590e-02 -7.480322842569882280e-02 -3.208089694191457175e-02
-2.862618224458306909e-02 -7.454941575634219109e-02 -3.409260261556286420e-02
-2.973498033822072686e-02 -7.406505311683052317e-02 -3.557193266808698906e-02
-3.073343823097260744e-02 -7.337520757109895764e-02 -3.645521843238185705e-02
-3.163792660711289839e-02 -7.252545914492819490e-02 -3.672699502742178546e-02
-3.246422619379679686e-02 -7.157594730930819105e-02 -3.641994641944881067e-02
-3.322781898042384552e-02 -7.059198726677368141e-02 -3.560955272878174593e-02
-3.394135120990408178e-02 -6.963970748376348274e-02 -3.440445883157898510e-02
-3.461418017652331813e-02 -6.878029047207290247e-02 -3.293586256380819088e-02
-3.525215675556365308e-02 -6.806608189192857317e-02 -3.134546854483119538e-02
-3.585819181185785631e-02 -6.753613162981267348e-02 -2.977429234767714483e-02
-3.643245460280181147e-02 -6.721486671555623738e-02 -2.835105639685099599e-02
-3.697195895790895970e-02 -6.711228070483171715e-02 -2.718329630993395266e-02
-3.747144214749399682e-02 -6.722385490586098300e-02 -2.635071524637457030e-02
-3.792318559601200179e-02 -6.753307603399871795e-02 -2.590098423791035651e-02
-3.831806601171290627e-02 -6.801265440119499961e-02 -2.584901248274229860e-02
-3.864697102479333624e-02 -6.862613889924831789e-02 -2.617828662616310947e-02
-3.890144076386566063e-02 -6.933162348633026273e-02 -2.684402551523698208e-02
-3.907515921552948135e-02 -7.008399471511414514e-02 -2.777894961293717047e-02
-3.916498603584164795e-02 -7.083839999227817263e-02 -2.889945105293610650e-02
-3.917060424162027710e-02 -7.155508774146789042e-02 -3.011276051830970649e-02
-3.909517183519699290e-02 -7.220120345513754423e-02 -3.132518592680048203e-02
-3.894575276353927362e-02 -7.275149812654239934e-02 -3.244940236258585242e-02
-3.873244766122527216e-02 -7.319015437406062308e-02 -3.341011984494985515e-02
-3.846709565383927415e-02 -7.351237998277940222e-02 -3.414878155054640319e-02
-3.816266005687726781e-02 -7.372361617416983703e-02 -3.462732513652277966e-02
-3.783273905551185617e-02 -7.383761384643421077e-02 -3.482987369179078863e-02
-3.749067403539026178e-02 -7.387460052751197714e-02 -3.476234939119923761e-02
-3.714882244197936778e-02 -7.385913272132810237e-02 -3.445048193862585567e-02
-3.681829659272568833e-02 -7.381718240342743931e-02 -3.393660969558397189e-02
-3.650866482766404464e-02 -7.377382240116786560e-02 -3.327506980859284286e-02
-3.622712103803578387e-02 -7.375238515722827570e-02 -3.252691160641191237e-02
-3.597830317615374751e-02 -7.377283151433294828e-02 -3.175511848294987338e-02
-3.576458311194516404e-02 -7.384988798730651727e-02 -3.101991820923279131e-02
-3.558567434578728539e-02 -7.399313216276329208e-02 -3.037419133569321805e-02
-3.543936096848233908e-02 -7.420536945322343814e-02 -2.986065988010674216e-02
-3.532248676773214191e-02 -7.448200466289742194e-02 -2.950909518362753586e-02
-3.523080923409264986e-02 -7.481288306912488306e-02 -2.933457177226769103e-02
-3.515970954436700713e-02 -7.518337437239065724e-02 -2.933748993155717646e-02
-3.510475338229690490e-02 -7.557584072927921170e-02 -2.950460493215341720e-02
-3.506197447521058885e-02 -7.597136216298233657e-02 -2.981103099983656649e-02
-3.502817230588256558e-02 -7.635119771943187084e-02 -3.022304940071390833e-02
-3.500108429865995269e-02 -7.669815042134173200e-02 -3.070133256624541646e-02
-3.498005249930370708e-02 -7.699643743698483811e-02 -3.120463945628208779e-02
-3.496524682358989611e-02 -7.723466758553471090e-02 -3.169209207245748949e-02
-3.495703886309238506e-02 -7.740704286560338987e-02 -3.212690085859887940e-02
-3.495696705144131500e-02 -7.751180705890639566e-02 -3.247930366263407365e-02
-3.496709713321073665e-02 -7.755150018622945784e-02 -3.272807476977734886e-02
-3.498970596936806787e-02 -7.753257705599375660e-02 -3.286148964003814815e-02
-3.502708664483393519e-02 -7.746467612286070392e-02 -3.287755921460919217e-02
-3.508134994148616459e-02 -7.735970932847577308e-02 -3.278349255832573028e-02
-3.515421961510699356e-02 -7.723086015098555579e-02 -3.259449173201962174e-02
-3.524679744719715069e-02 -7.709167198280225675e-02 -3.233199900128311960e-02
-3.535919091796962954e-02 -7.695554644256455412e-02 -3.202156249001657240e-02
-3.549074152972593599e-02 -7.683408052865411952e-02 -3.169098013940086639e-02
-3.564029020005664294e-02 -7.673594149982851387e-02 -3.136785057727628501e-02
-3.580588240844224945e-02 -7.666699390100138733e-02 -3.107725072749478040e-02
-3.598494796893523390e-02 -7.663013805666771261e-02 -3.084002768633842956e-02
-3.617449606626889358e-02 -7.662535692992818170e-02 -3.067152989280128375e-02
-3.637126694126720933e-02 -7.664999843525058254e-02 -3.058082592768551766e-02
-3.657187941345089316e-02 -7.669922201391134176e-02 -3.057045853180486578e-02
-3.677298020414078439e-02 -7.676657342149953434e-02 -3.063670966322330769e-02
-3.697138862766903566e-02 -7.684464222028258851e-02 -3.077032417442997214e-02
-3.716423721466614871e-02 -7.692573594167383122e-02 -3.095760803341837675e-02
-3.734909791761772957e-02 -7.700251448375709795e-02 -3.118179002115385040e-02
-3.752407495616813526e-02 -7.706855736811195345e-02 -3.142451534359001764e-02
-3.768773434382215182e-02 -7.711908779223566879e-02 -3.166729623741458555e-02
-3.783914774506977330e-02 -7.715114617517912499e-02 -3.189306965715340419e-02
-3.797812119222884752e-02 -7.716323160881312371e-02 -3.208746898882552934e-02
-3.810508153094056827e-02 -7.715540266022209714e-02 -3.223955226951556730e-02
-3.822086433518320781e-02 -7.712942094073223231e-02 -3.234230426758376298e-02
-3.832664584879956482e-02 -7.708851048437927178e-02 -3.239292252745189921e-02
-3.842382533169221015e-02 -7.703702070618267950e-02 -3.239273662923049246e-02
-3.851385778266469551e-02 -7.698004161440491488e-02 -3.234681466699610569e-02
-3.859811165204408978e-02 -7.692295579526575722e-02 -3.226331612250438186e-02
-3.867774065579423354e-02 -7.687101602887530527e-02 -3.215264676951573586e-02
-3.875360258425046556e-02 -7.682893931175699409e-02 -3.202651240653239806e-02
-3.882610251165617699e-02 -7.680083098121864849e-02 -3.189687514711106453e-02
-3.889527797079697646e-02 -7.678967283487761475e-02 -3.177519169608408744e-02
-3.896100994891180808e-02 -7.679687047718439241e-02 -3.167154816767538128e-02
-3.902294111673663274e-02 -7.682244759291242953e-02 -3.159386226813004628e-02
-3.908054052890651275e-02 -7.686519764476504313e-02 -3.154742106697808884e-02
-3.913321310028955446e-02 -7.692284642418262264e-02 -3.153467832576874880e-02
-3.918038046344546332e-02 -7.699228204835446843e-02 -3.155527187068413869e-02
-3.922153441002763918e-02 -7.706984924632868938e-02 -3.160624556786831296e-02
-3.925628535416446352e-02 -7.715164969852983390e-02 -3.168246393708358533e-02
-3.928440496474608357e-02 -7.723384209880874984e-02 -3.177715869950333699e-02
-3.930585729054007771e-02 -7.731291160256026362e-02 -3.188256897263079537e-02
-3.932082111721264817e-02 -7.738589696219752567e-02 -3.199060683586607556e-02
-3.932969316516411740e-02 -7.745055921845633851e-02 -3.209350580025819438e-02
-3.933307518202466824e-02 -7.750549151978372575e-02 -3.218439206721682155e-02
-3.933174445296264837e-02 -7.755015049923819070e-02 -3.225775522267443352e-02
-3.932661772984637899e-02 -7.758481517512248737e-02 -3.230977500057417157e-02
-3.931869788170832408e-02 -7.761049385064947015e-02 -3.233849602527229944e-02
-3.930901930770449443e-02 -7.762878349961330193e-02 -3.234384510156483594e-02
-3.929859147004917397e-02 -7.764169504711930514e-02 -3.232750700429893459e-02
-3.928835592812464361e-02 -7.765144522987835196e-02 -3.229267601034789548e-02
-3.927913676433177070e-02 -7.766027676191826490e-02 -3.224369919713124255e-02
-3.927160808064389386e-02 -7.767027158500626471e-02 -3.218567091149730774e-02
-3.926627820192955809e-02 -7.768319034638719589e-02 -3.212399025620493731e-02
-3.926347559808449073e-02 -7.770035810361775042e-02 -3.206392912835740600e-02
-3.926335483060468257e-02 -7.772258536965243048e-02 -3.201023986215887490e-02
-3.926590669926170729e-02 -7.775014400542488990e-02 -3.196683022012818121e-02
-3.927098671416578979e-02 -7.778277064434976906e-02 -3.193653056246637673e-02
-3.927834340421772208e-02 -7.781972785526355962e-02 -3.192095129829523176e-02
-3.928765305733692564e-02 -7.785988863069281951e-02 -3.192045210270102323e-02
-3.929855702948525931e-02 -7.790185223757843669e-02 -3.193420131812238494e-02
-3.931069430242114388e-02 -7.794407059122335224e-02 -3.196032946177388562e-02
-3.932373483361664007e-02 -7.798497777900317840e-02 -3.199614550231466570e-02
-3.933739954872886302e-02 -7.802311842103709649e-02 -3.203840405751411102e-02
-3.935148610305146122e-02 -7.805723871376721301e-02 -3.208359853962537700e-02
-3.936587510660972955e-02 -7.808637751891321643e-02 -3.212824383315508042e-02
-3.938052470671136313e-02 -7.810993449106651276e-02 -3.216914213452232857e-02
-3.939547023166800610e-02 -7.812768473805684066e-02 -3.220361417643390067e-02
-3.941081342910774526e-02 -7.813977041823701175e-02 -3.222966730105090993e-02
-3.942670081195941145e-02 -7.814667412973323735e-02 -3.224609827998864420e-02
-3.944330237109269777e-02 -7.814916534908490642e-02 -3.225253048874434508e-02
-3.946079379244909341e-02 -7.814821840459862390e-02 -3.224938794723199165e-02
-3.947933215501461812e-02 -7.814493746946452046e-02 -3.223780143653905139e-02
-3.949903737597564024e-02 -7.814046445135652830e-02 -3.221947696476062245e-02
-3.951998200905083858e-02 -7.813589013324609422e-02 -3.219652217344199513e-02
-3.954217267155293175e-02 -7.813219341534899387e-02 -3.217125392274922807e-02
-3.956555459085049631e-02 -7.813016173427889122e-02 -3.214601300659150618e-02
-3.959000840050463932e-02 -7.813036110951056268e-02 -3.212297400801211039e-02
-3.961535170822020474e-02 -7.813311553162079204e-02 -3.210399512674887157e-02
-3.964135578141492200e-02 -7.813849838368497336e-02 -3.209049664136356256e-02
-3.966775540943165423e-02 -7.814635068708707111e-02 -3.208338373490595558e-02
-3.969426414249566798e-02 -7.815631878746628902e-02 -3.208300967467993259e-02
-3.972059332454597885e-02 -7.816788982541054975e-02 -3.208919298714187074e-02
-3.974647070532861398e-02 -7.818044644047697500e-02 -3.210126260886406180e-02
-3.977164296049474912e-02 -7.819334422752025060e-02 -3.211814104742199971e-02
-3.979589619026531466e-02 -7.820595167093591371e-02 -3.213846282183851349e-02
-3.981906860446778051e-02 -7.821769272230533199e-02 -3.216069717521802263e-02
-3.984104847691569140e-02 -7.822810049239919961e-02 -3.218327136327703286e-02
-3.986177153959800240e-02 -7.823685630835421068e-02 -3.220469371057653463e-02
-3.988122361988315212e-02 -7.824379642094286824e-02 -3.222366734550598244e-02
-3.989943988149878551e-02 -7.824890613794879823e-02 -3.223917481908893101e-02
-3.991649194229686393e-02 -7.825231950038916140e-02 -3.225053106432511363e-02
-3.993247622331237007e-02 -7.825430406777394987e-02 -3.225741211136271686e-02
-3.994750596908692303e-02 -7.825522871653400880e-02 -3.225985587810824978e-02
-3.996170089301886996e-02 -7.825552799517210278e-02 -3.225823311082949563e-02
-3.997517693077084350e-02 -7.825566398641380095e-02 -3.225319498952072123e-02
-3.998803730365466103e-02 -7.825609004310787875e-02 -3.224560231786522541e-02
-4.000036797804837341e-02 -7.825721188030183850e-02 -3.223644590496500123e-02
-4.001222829526339397e-02 -7.825937224218118549e-02 -3.222675610125940587e-02
-4.002365464939729167e-02 -7.826281337765268742e-02 -3.221752998657415046e-02
-4.003466104440950302e-02 -7.826767209689762528e-02 -3.220964815509138462e-02
-4.004523489659075897e-02 -7.827398056767534418e-02 -3.220382027828153776e-02
-4.005535319298680202e-02 -7.828165463875848273e-02 -3.220054364734085961e-02
-4.006497948189224889e-02 -7.829052036330193254e-02 -3.220007519310463806e-02
-4.007407050333168519e-02 -7.830033255863633190e-02 -3.220243088104046691e-02
-4.008258451401688904e-02 -7.831079485120627515e-02 -3.220740267113304800e-02
-4.009048904113100831e-02 -7.832157918319235246e-02 -3.221459160105857866e-02
-4.009776197170236006e-02 -7.833236072159488472e-02 -3.222344733895219498e-02
-4.010439610919183662e-02 -7.834283674684452969e-02 -3.223332593881155644e-02
-4.011040351270714344e-02 -7.835274759711920167e-02 -3.224354288859211659e-02
-4.011581430253400443e-02 -7.836189125371506581e-02 -3.225343133171254539e-02
-4.012067934698643895e-02 -7.837013069944835653e-02 -3.226239002645346632e-02
-4.012506161014811612e-02 -7.837740885033600557e-02 -3.226992352319878188e-02
-4.012903721958839542e-02 -7.838373858202389577e-02 -3.227567687508879624e-02
-4.013269122821092050e-02 -7.838919668906699223e-02 -3.227945117046385898e-02
-4.013611343771676665e-02 -7.839390864105319490e-02 -3.228120980290639930e-02
-4.013939268454153747e-02 -7.839803966526767698e-02 -3.228106610693771972e-02
-4.014261010116654260e-02 -7.840178031223943300e-02 -3.227926689732663751e-02
-4.014583824726670330e-02 -7.840532698328622763e-02 -3.227616418655665509e-02
-4.014913806849905453e-02 -7.840886251271242391e-02 -3.227218295752105198e-02
-4.015255803925653344e-02 -7.841254214324171190e-02 -3.226778115525102963e-02
-4.015612684465243165e-02 -7.841649427813124351e-02 -3.226341069540825113e-02
-4.015985845997618181e-02 -7.842080289128137982e-02 -3.225948882561618242e-02
-4.016375708940954359e-02 -7.842549753653843547e-02 -3.225636755733689992e-02
-4.016781193254464338e-02 -7.843056725287272934e-02 -3.225430688724803541e-02
-4.017200178441483055e-02 -7.843595991906049392e-02 -3.225346592756843378e-02
-4.017629953847845492e-02 -7.844158932195999245e-02 -3.225389634565609814e-02
-4.018067197345635833e-02 -7.844734744899437007e-02 -3.225554723157703085e-02
-4.018508977387645620e-02 -7.845310147738740469e-02 -3.225827928233646752e-02
-4.018952404315206256e-02 -7.845871924840919220e-02 -3.226187477092876121e-02
-4.019394815331905901e-02 -7.846407719594422625e-02 -3.226606530367982784e-02
-4.019834379260714408e-02 -7.846906647279253133e-02 -3.227055430772016870e-02
-4.020269846342319764e-02 -7.847360239113412850e-02 -3.227504318362040686e-02
-4.020700723637762874e-02 -7.847762990717579989e-02 -3.227925267794969078e-02
-4.021126966058174990e-02 -7.848112881798186002e-02 -3.228294433235699701e-02
-4.021549572111037668e-02 -7.848410095326108227e-02 -3.228593844873944851e-02
-4.021969841305018944e-02 -7.848658171437353226e-02 -3.228811701811631213e-02
-4.022389165260622373e-02 -7.848863335380186490e-02 -3.228943338672354141e-02
-4.022809164834106888e-02 -7.849033770567306889e-02 -3.228990883339292323e-02
-4.023230997329819980e-02 -7.849179450552681847e-02 -3.228962727210878125e-02
-4.023655971097940542e-02 -7.849309903259107934e-02 -3.228872775474063428e-02
-4.024084981615110024e-02 -7.849434436540175808e-02 -3.228738398745378824e-02
-4.024518079779514784e-02 -7.849561975322492946e-02 -3.228579022058965242e-02
-4.024955141192219921e-02 -7.849699344763372277e-02 -3.228414796408039800e-02
-4.025395471296898398e-02 -7.849851704301726019e-02 -3.228264563307336327e-02
-4.025837466881178328e-02 -7.850022892784055961e-02 -3.228144618403672172e-02
-4.026279466594993861e-02 -7.850213837183959986e-02 -3.228068121045184896e-02
-4.026719539356950206e-02 -7.850423445090549956e-02 -3.228043704192285618e-02
-4.027155385247243452e-02 -7.850648953037048239e-02 -3.228075388692418224e-02
-4.027584698435174998e-02 -7.850886352368137422e-02 -3.228162415316572498e-02
-4.028004987966180006e-02 -7.851131116457053805e-02 -3.228299822628521998e-02
-4.028414416651063951e-02 -7.851377363022435385e-02 -3.228479368182389508e-02
-4.028811546972495272e-02 -7.851619087971903332e-02 -3.228689882696755831e-02
-4.029194703871930017e-02 -7.851852031660799813e-02 -3.228918180657450177e-02
-4.029563087773147673e-02 -7.852071775801990061e-02 -3.229151155285621411e-02
-4.029916494660612525e-02 -7.852275100821935749e-02 -3.229375804874093370e-02
-4.030254349616236437e-02 -7.852461316938039171e-02 -3.229580504623175141e-02
-4.030577320372556033e-02 -7.852629380518016955e-02 -3.229756516263920102e-02
-4.030886216211922168e-02 -7.852780117529289949e-02 -3.229897238654745595e-02
-4.031181633332037856e-02 -7.852916027624110007e-02 -3.229999276606053404e-02
-4.031464970936857184e-02 -7.853039589151611377e-02 -3.230062514506689547e-02
-4.031737343091107428e-02 -7.853154571406865958e-02 -3.230089427295285837e-02
-4.031999946370765087e-02 -7.853264751497454621e-02 -3.230085199692774023e-02
-4.032253852034661801e-02 -7.853374188161678371e-02 -3.230056710760355332e-02
-4.032499725677016894e-02 -7.853486881244220452e-02 -3.230012238617076259e-02
-4.032738615159585371e-02 -7.853605144346194333e-02 -3.229960838143514090e-02
-4.032970884018272084e-02 -7.853731551654567766e-02 -3.229910812361909411e-02
-4.033196547377051328e-02 -7.853867795216529224e-02 -3.229869987104256462e-02
-4.033415709543996391e-02 -7.854014421250114786e-02 -3.229844756688211860e-02
-4.033628361431729203e-02 -7.854170576685971794e-02 -3.229840008943125895e-02
-4.033834379236037049e-02 -7.854334929675095556e-02 -3.229858202733591754e-02
-4.034033140794607980e-02 -7.854506079841654109e-02 -3.229899862079989303e-02
-4.034224561316018809e-02 -7.854681293587825741e-02 -3.229963801900259668e-02
-4.034408618488598969e-02 -7.854857426341932403e-02 -3.230047013031819847e-02
-4.034584945339363127e-02 -7.855032247679044621e-02 -3.230144778774116099e-02
-4.034753449559661670e-02 -7.855203210525940616e-02 -3.230251932038841201e-02
-4.034914480775866896e-02 -7.855367778325872408e-02 -3.230362722301844541e-02
-4.035068258190991491e-02 -7.855524155593832103e-02 -3.230471416216769420e-02
-4.035215224670731654e-02 -7.855671179387274661e-02 -3.230572669607745945e-02
-4.035355659468110867e-02 -7.855808832192262559e-02 -3.230661992764757851e-02
-4.035490387036754639e-02 -7.855936759513698631e-02 -3.230736410800049557e-02
-4.035620679840952463e-02 -7.856054467263798302e-02 -3.230794096764919715e-02
-4.035747135893784365e-02 -7.856163462374682327e-02 -3.230833956215622277e-02
-4.035870173209132883e-02 -7.856265930863065572e-02 -3.230856599475723234e-02
-4.035990741621806044e-02 -7.856363303851954250e-02 -3.230864144596175963e-02
-4.036109622365536415e-02 -7.856457020653255519e-02 -3.230859525057984405e-02
-4.036227091006228118e-02 -7.856549216589917006e-02 -3.230846079740477134e-02
-4.036343630246779640e-02 -7.856641019397339609e-02 -3.230827961203142779e-02
-4.036459995978171345e-02 -7.856732762806298287e-02 -3.230809117914668765e-02
-4.036576086060108398e-02 -7.856825839549533286e-02 -3.230792806796523031e-02
-4.036691788735129183e-02 -7.856921086089188599e-02 -3.230782166961795876e-02
-4.036807187635828298e-02 -7.857018449416809658e-02 -3.230779732256330861e-02
-4.036922249269908614e-02 -7.857117290266277254e-02 -3.230787188574463231e-02
-4.037036588786575148e-02 -7.857217324663524904e-02 -3.230804991398480985e-02
-4.037149871053902217e-02 -7.857317642795193235e-02 -3.230833081209021768e-02
-4.037262092955273829e-02 -7.857416801659977690e-02 -3.230870448273606699e-02
-4.037372916308431398e-02 -7.857513822255871028e-02 -3.230915291211571699e-02
-4.037482153744641200e-02 -7.857607696729214386e-02 -3.230965368885198308e-02
-4.037589691711492706e-02 -7.857697472322143495e-02 -3.231018216878561722e-02
-4.037695250492992494e-02 -7.857782887117545356e-02 -3.231071151608116976e-02
-4.037798977319830007e-02 -7.857862900986342658e-02 -3.231122088466985981e-02
-4.037900976176141132e-02 -7.857937283312083077e-02 -3.231168679289002366e-02
-4.038001105984345002e-02 -7.858006230643366230e-02 -3.231209322315860277e-02
-4.038099501274160230e-02 -7.858070239752650010e-02 -3.231242769419045979e-02
-4.038196151163597064e-02 -7.858129937640501161e-02 -3.231268679896766305e-02
-4.038291416584295634e-02 -7.858185691004612727e-02 -3.231287182201866837e-02
-4.038385508128308765e-02 -7.858237982185439785e-02 -3.231298967272906025e-02
-4.038478592479270712e-02 -7.858287719809374516e-02 -3.231304897014802141e-02
-4.038570633407377597e-02 -7.858335995603937807e-02 -3.231306365225800059e-02
-4.038661592881555296e-02 -7.858384006832336288e-02 -3.231304908960494493e-02
-4.038751619452402020e-02 -7.858431966618090181e-02 -3.231302577213111815e-02
-4.038840996747393441e-02 -7.858479845373675388e-02 -3.231300931973363211e-02
-4.038929263785435292e-02 -7.858528609047331359e-02 -3.231301164600489106e-02
-4.039016126681638924e-02 -7.858578851185282765e-02 -3.231304462383609993e-02
-4.039101753855407761e-02 -7.858629862108540420e-02 -3.231312010692206915e-02
-4.039186029246097376e-02 -7.858681454665700228e-02 -3.231324024955634089e-02
-4.039268552350941399e-02 -7.858733564571333818e-02 -3.231340545719554175e-02
-4.039349249878786130e-02 -7.858785792157083061e-02 -3.231361208485618308e-02
-4.039427876872175166e-02 -7.858837805026694379e-02 -3.231385422790222783e-02
-4.039504464860800559e-02 -7.858888866888683045e-02 -3.231412359415396229e-02
-4.039578975001809069e-02 -7.858938394531794769e-02 -3.231440933330743254e-02
-4.039651388844753277e-02 -7.858985983802893593e-02 -3.231469925507506752e-02
-4.039721595505493812e-02 -7.859031634208238359e-02 -3.231498112081943042e-02
-4.039789548898574389e-02 -7.859075369610446504e-02 -3.231524519387524164e-02
-4.039855482609295417e-02 -7.859116766288416767e-02 -3.231548479221427878e-02
-4.039919495246262204e-02 -7.859155860269725902e-02 -3.231569278822597063e-02
-4.039981455838105584e-02 -7.859193213397627775e-02 -3.231586483721637926e-02
-4.040041400876133448e-02 -7.859229258493080628e-02 -3.231600083932922862e-02
-4.040099347035201044e-02 -7.859264478172471591e-02 -3.231610345252992206e-02
-4.040155538056248996e-02 -7.859298795109194435e-02 -3.231617904735807623e-02
-4.040210267901034324e-02 -7.859332142165295632e-02 -3.231623314409186321e-02
-4.040263453486893364e-02 -7.859365190429307146e-02 -3.231627057527279578e-02
-4.040315261591353319e-02 -7.859398112829231453e-02 -3.231629966176544078e-02
-4.040365962369042718e-02 -7.859430907081424444e-02 -3.231632752687212812e-02
-4.040415706715781013e-02 -7.859463512649675354e-02 -3.231636072963640915e-02
-4.040464295169116093e-02 -7.859496648791494677e-02 -3.231640180647613741e-02
-4.040511495162453504e-02 -7.859530680736692698e-02 -3.231645669224574025e-02
-4.040557471763731728e-02 -7.859565244822998287e-02 -3.231652970134109293e-02
-4.040602364040030148e-02 -7.859599595916894055e-02 -3.231662359506189131e-02
-4.040645845992918428e-02 -7.859634259316927718e-02 -3.231673336810063357e-02
-4.040687939865015427e-02 -7.859668637210862063e-02 -3.231686089574477977e-02
-4.040729330208675529e-02 -7.859701492037692028e-02 -3.231700218502615157e-02
-4.040769491111710632e-02 -7.859733666180748757e-02 -3.231714803292509708e-02
-4.040808303280576247e-02 -7.859765392703302322e-02 -3.231729466458020672e-02
-4.040846048083385211e-02 -7.859796134892872710e-02 -3.231743973196903735e-02
-4.040882749037459643e-02 -7.859825721385849118e-02 -3.231757847625058022e-02
-4.040918459630009341e-02 -7.859853897815621826e-02 -3.231770746120508214e-02
-4.040953222945774942e-02 -7.859880748417588658e-02 -3.231782236954717363e-02
-4.040986972280675993e-02 -7.859906573907241012e-02 -3.231792124709871594e-02
-4.041019827560152211e-02 -7.859931484340343388e-02 -3.231800391007998846e-02
-4.041051925985020277e-02 -7.859955441074023552e-02 -3.231807185357146728e-02
-4.041083406244923987e-02 -7.859978465960915095e-02 -3.231812626502022362e-02
-4.041114091046495160e-02 -7.860001191328751247e-02 -3.231816810033388138e-02
-4.041144082749306699e-02 -7.860023605670944657e-02 -3.231820233053804559e-02
-4.041173855033838858e-02 -7.860045000023918593e-02 -3.231823357780095468e-02
-4.041203313058309293e-02 -7.860065803398447182e-02 -3.231826152169550020e-02
-4.041232210814464654e-02 -7.860086656908291114e-02 -3.231828847867992960e-02
-4.041260660058229592e-02 -7.860107587525694273e-02 -3.231831844047398927e-02
-4.041288847962611758e-02 -7.860128167306969227e-02 -3.231835527534401842e-02
-4.041316564370236314e-02 -7.860148816909109937e-02 -3.231839785433248541e-02
-4.041343659221219298e-02 -7.860169531672674126e-02 -3.231844879949849481e-02
-4.041370380876765922e-02 -7.860189842436704488e-02 -3.231850847053048537e-02
-4.041396591551023321e-02 -7.860209787447541840e-02 -3.231857548901351240e-02
-4.041422279033726750e-02 -7.860229350827468986e-02 -3.231864805642180316e-02
-4.041447544411121140e-02 -7.860248223547945667e-02 -3.231872532109989621e-02
-4.041472552558064701e-02 -7.860266094010734395e-02 -3.231880458045445492e-02
-4.041496949883739698e-02 -7.860283687002020403e-02 -3.231888099683247889e-02
-4.041520686995161288e-02 -7.860300998837151110e-02 -3.231895504121535395e-02
-4.041543927565315053e-02 -7.860317766226096459e-02 -3.231902568344618976e-02
-4.041566746226932239e-02 -7.860333591728779767e-02 -3.231909277669336306e-02
-4.041589181569545108e-02 -7.860348534323086112e-02 -3.231915307999961434e-02
-4.041611064988526181e-02 -7.860362943665416546e-02 -3.231920577641253511e-02
-4.041632516793779856e-02 -7.860376881486345890e-02 -3.231925099978236182e-02
-4.041653556279829751e-02 -7.860390393795342601e-02 -3.231928997716494029e-02
-4.041674234628141182e-02 -7.860403520596397076e-02 -3.231932338166960961e-02
-4.041694497144004972e-02 -7.860416389888806588e-02 -3.231935248346009398e-02
-4.041714430416132320e-02 -7.860428912396252854e-02 -3.231937893821245494e-02
-4.041733944669983342e-02 -7.860441355653383089e-02 -3.231940325102144324e-02
-4.041753131723263559e-02 -7.860453527344532509e-02 -3.231942811571453245e-02
-4.041771878883494706e-02 -7.860465838644956071e-02 -3.231945278304915181e-02
-4.041790112160587034e-02 -7.860478265716325241e-02 -3.231948042550112504e-02
-4.041808126045843413e-02 -7.860490341246220702e-02 -3.231951206475805471e-02
-4.041825705753156195e-02 -7.860502368726116074e-02 -3.231954663506234060e-02
-4.041842857313622528e-02 -7.860514327164425108e-02 -3.231958455338980463e-02
-4.041859836110880955e-02 -7.860525684917947509e-02 -3.231962668144122697e-02
-4.041876584307368958e-02 -7.860536632478035135e-02 -3.231966993467433324e-02
-4.041892929005939938e-02 -7.860547430416500725e-02 -3.231971352564335515e-02
-4.041908978323559970e-02 -7.860557959595132482e-02 -3.231975706940325155e-02
-4.041924515739964141e-02 -7.860568584337492004e-02 -3.231979913114768621e-02
-4.041939478874231884e-02 -7.860579281220225756e-02 -3.231984046879088357e-02
-4.041954122929522497e-02 -7.860589421977150215e-02 -3.231988211538122657e-02
-4.041968371535174104e-02 -7.860599152073986795e-02 -3.231992126102556373e-02
-4.041982032503893540e-02 -7.860608836217911066e-02 -3.231995709869801836e-02
-4.041995382045363017e-02 -7.860618074020023216e-02 -3.231999105587608778e-02
-4.042008757699497301e-02 -7.860626287261129885e-02 -3.232002324872972066e-02
-4.042021879547914864e-02 -7.860634264328028586e-02 -3.232004939390534237e-02
-4.042034498177952961e-02 -7.860642520851410242e-02 -3.232007104264559422e-02
-4.042046918073557982e-02 -7.860650638231123088e-02 -3.232009086087747618e-02
-4.042059026416665313e-02 -7.860658731900993512e-02 -3.232010900801349229e-02
-4.042070920774093468e-02 -7.860666456006321079e-02 -3.232012725669251157e-02
-4.042082612477204684e-02 -7.860673894756114999e-02 -3.232014444267965192e-02
-4.042093963608858753e-02 -7.860681308171887927e-02 -3.232016100381332468e-02
-4.042105091402387052e-02 -7.860688637855259286e-02 -3.232017778650089768e-02
-4.042115772185105038e-02 -7.860696375584545759e-02 -3.232019441567491463e-02
-4.042126139665164208e-02 -7.860704112382652098e-02 -3.232021410940338901e-02
-4.042136378676725039e-02 -7.860711510889169251e-02 -3.232023633331251866e-02
-4.042146412740522943e-02 -7.860718545450401384e-02 -3.232026046110605261e-02
-4.042156279318010609e-02 -7.860725294857719148e-02 -3.232028484845467925e-02
-4.042165591295061866e-02 -7.860732619017898881e-02 -3.232030768123304171e-02
-4.042174519428016338e-02 -7.860740090588977380e-02 -3.232033274746822643e-02
-4.042183435268738301e-02 -7.860746976455629254e-02 -3.232036024564027832e-02
-4.042192140358266683e-02 -7.860753504051332108e-02 -3.232038741290279432e-02
-4.042200520624368576e-02 -7.860759965803121307e-02 -3.232041290882818607e-02
-4.042208738501279486e-02 -7.860766125847926111e-02 -3.232043772094168876e-02
-4.042216847592712547e-02 -7.860772022801440495e-02 -3.232046058716021852e-02
-4.042224593317883530e-02 -7.860778142411983804e-02 -3.232048066823588195e-02
-4.042232087929592543e-02 -7.860784237664990293e-02 -3.232049998517843442e-02
-4.042239591401936005e-02 -7.860789765530623585e-02 -3.232051929324660650e-02
-4.042247079743634813e-02 -7.860794768281409439e-02 -3.232053673076012990e-02
-4.042254385513868731e-02 -7.860799677962165832e-02 -3.232055095958179247e-02
-4.042261496365220919e-02 -7.860804660432935131e-02 -3.232056290474026594e-02
-4.042268526147328039e-02 -7.860809549978212130e-02 -3.232057403722154304e-02
-4.042275508657504346e-02 -7.860814242613609060e-02 -3.232058471097592339e-02
-4.042282457817829300e-02 -7.860818646825605549e-02 -3.232059510381941891e-02
-4.042289307897601464e-02 -7.860822941919665130e-02 -3.232060445540676369e-02
-4.042295989230866582e-02 -7.860827269797840411e-02 -3.232061331889445749e-02
-4.042302350890575324e-02 -7.860832025307662452e-02 -3.232062142988337966e-02
-4.042308459804778986e-02 -7.860836895181018413e-02 -3.232063190087530735e-02
-4.042314448971790625e-02 -7.860841655037406617e-02 -3.232064424633487171e-02
-4.042320185521579290e-02 -7.860846366050577849e-02 -3.232065844194750848e-02
-4.042325993367187897e-02 -7.860850454961684775e-02 -3.232067498583906379e-02
-4.042331688109414289e-02 -7.860854457540177032e-02 -3.232069039923586573e-02
-4.042337149534713098e-02 -7.860858605127533927e-02 -3.232070554406750451e-02
-4.042342620842152845e-02 -7.860862575011422215e-02 -3.232072114374358318e-02
-4.042348110395860977e-02 -7.860866223129804597e-02 -3.232073701712161184e-02
-4.042353421479882858e-02 -7.860869973513162634e-02 -3.232075091885162899e-02
-4.042358552391363269e-02 -7.860873671516623029e-02 -3.232076477408799692e-02
-4.042363832767049275e-02 -7.860876764288486640e-02 -3.232077864907341447e-02
-4.042368828715024731e-02 -7.860880125686786624e-02 -3.232078910789414061e-02
-4.042373623594799209e-02 -7.860883485519035152e-02 -3.232079947393674824e-02
-4.042378532176084394e-02 -7.860886418918008878e-02 -3.232080948724681130e-02
-4.042383312395990413e-02 -7.860889262507549102e-02 -3.232081801935417914e-02
-4.042388094748317756e-02 -7.860891833247342364e-02 -3.232082569328720983e-02
-4.042392677109041266e-02 -7.860894658234611476e-02 -3.232083094435404813e-02
-4.042396912202730896e-02 -7.860897941562289271e-02 -3.232083571424780588e-02
-4.042400992494937090e-02 -7.860901307201352550e-02 -3.232084189309068767e-02
-4.042404982215944825e-02 -7.860904459108264408e-02 -3.232085005510346165e-02
-4.042408985519299613e-02 -7.860907175705744709e-02 -3.232085945866072091e-02
-4.042412886196165150e-02 -7.860909802500098964e-02 -3.232086820376404990e-02
-4.042416530126644036e-02 -7.860912783745761800e-02 -3.232087608565291370e-02
-4.042420099268730083e-02 -7.860915792612681308e-02 -3.232088546500598569e-02
-4.042423799235991821e-02 -7.860918405327850522e-02 -3.232089644384376903e-02
-4.042427348717458901e-02 -7.860921129763570603e-02 -3.232090642342197451e-02
-4.042430708343795753e-02 -7.860923955178499012e-02 -3.232091673743486826e-02
-4.042434151461437447e-02 -7.860926420606731413e-02 -3.232092796205730117e-02
-4.042437652838200973e-02 -7.860928527569017998e-02 -3.232093881308018002e-02
-4.042441181220087637e-02 -7.860930389257753115e-02 -3.232094822720529836e-02
-4.042444557149206530e-02 -7.860932476995124984e-02 -3.232095508350710245e-02
-4.042447769835981475e-02 -7.860934769722136006e-02 -3.232096124043840057e-02
