3.224191149296046915e-02 -1.158451318701802790e-01 -8.843753849968247205e-02
6.464696443513937019e-02 -6.452819190401318239e-02 6.715719637561652633e-02
1.096005499877504008e-01 -2.544745606222986040e-03 6.577594784679839657e-02
1.452016581994164390e-01 5.018647690511003623e-02 4.543394477056420661e-02
1.522925252681310848e-01 9.483766075821663255e-02 2.510750630011389373e-02
1.321669156905914688e-01 1.232155970887314073e-01 2.383928789409114901e-03
9.444694930024322144e-02 1.353028802714391354e-01 -1.764727807178123609e-02
5.149616833855735071e-02 1.329244386973160996e-01 -2.925157337582168227e-02
1.129392238535795526e-02 1.218231799959979267e-01 -3.219613103102619833e-02
-2.326807249209155576e-02 1.091541983489344170e-01 -2.898716765751329152e-02
-5.092019000539370344e-02 9.829284734342440266e-02 -2.201106215687334555e-02
-7.189459161768435580e-02 9.061092990744301634e-02 -1.387588660286859579e-02
-8.765125067328731479e-02 8.673122308774708356e-02 -6.890520848397302736e-03
-9.914045041707331141e-02 8.518858255910854993e-02 -2.401169178861538300e-03
-1.071632624190509975e-01 8.457358127298371386e-02 -1.524122219697427935e-03
-1.130699300667687424e-01 8.536986155746939531e-02 -4.893603671744307590e-03
-1.178527519571448412e-01 8.834386783916507724e-02 -1.189444972509774885e-02
-1.219197105851140134e-01 9.360485963885466221e-02 -2.103464068164094189e-02
-1.255691985105388264e-01 1.008808714150553898e-01 -3.064470619922515099e-02
-1.290104483626224319e-01 1.094251151724265347e-01 -3.919722462260152168e-02
-1.321910463616809417e-01 1.178936038194864783e-01 -4.553340999133805023e-02
-1.348922031111799424e-01 1.248406722399562213e-01 -4.910773679438703437e-02
-1.370914643193486548e-01 1.297176911820350498e-01 -5.006210176905558085e-02
-1.388940013548368158e-01 1.326996894652829329e-01 -4.873550312467986312e-02
-1.402718662248088055e-01 1.340679264038007745e-01 -4.544863232086217980e-02
-1.411066676316321544e-01 1.339253483246574949e-01 -4.048664037348910505e-02
-1.411620461279457228e-01 1.320776033000406469e-01 -3.421050779830177302e-02
-1.402366071933677516e-01 1.283898741694837475e-01 -2.716895647736526642e-02
-1.381435997326861120e-01 1.228400500624700076e-01 -1.998267182011008100e-02
-1.346372004347228257e-01 1.154296821563625119e-01 -1.324858644921164327e-02
-1.295128396450176966e-01 1.063073048264222276e-01 -7.518432404539017108e-03
-1.227321747328842527e-01 9.591698925819513999e-02 -3.250527890066480605e-03
-1.144057968781528045e-01 8.484216792709958765e-02 -6.778080790519410044e-04
-1.047382588336207287e-01 7.363531933924424844e-02 2.040200297275631455e-04
-9.406388674510751668e-02 6.284390076280862991e-02 -4.175955168712326519e-04
-8.275707448661119570e-02 5.286913526391857909e-02 -2.174161833177611948e-03
-7.113615270808354429e-02 4.388158758911698404e-02 -4.594889517066714536e-03
-5.951987039413873803e-02 3.603162139767164540e-02 -7.235850375643129717e-03
-4.821387972111036702e-02 2.947670560616611271e-02 -9.671468928342509541e-03
-3.738688998835638932e-02 2.417026462146833546e-02 -1.147829945164559676e-02
-2.707981281298656520e-02 1.987075599498221851e-02 -1.233145546522669556e-02
-1.733330034237488826e-02 1.639502508454824398e-02 -1.209749915144100671e-02
-8.212493700746583553e-03 1.366222905884231092e-02 -1.077387264952690479e-02
2.957351030410428072e-04 1.148071475056759022e-02 -8.409403427103308640e-03
8.215100254420702741e-03 9.672651692080834473e-03 -5.174598525057119182e-03
1.544535583219185451e-02 8.306986041886132294e-03 -1.347926629681897711e-03
2.194031759656946481e-02 7.323088891151930194e-03 2.869641706694969936e-03
2.775904931734047426e-02 6.484484612045556158e-03 7.264313262557249920e-03
3.293654170223707378e-02 5.592698979842353202e-03 1.157405479306797963e-02
3.751368537611229209e-02 4.522191477661471198e-03 1.551583166998026647e-02
4.156680788699354534e-02 3.152182380375124528e-03 1.885745527067037020e-02
4.519541766053621762e-02 1.408220523889938767e-03 2.138964718463769871e-02
4.847657086912676716e-02 -7.189525224135327047e-04 2.296469192557170497e-02
5.149269548910555272e-02 -3.217727105988278571e-03 2.349883208641467477e-02
5.430643662408435324e-02 -6.052235101507904939e-03 2.298003808237213119e-02
5.696376836428920787e-02 -9.157199393210753435e-03 2.145064190907605001e-02
5.943517797369019667e-02 -1.233189828035367516e-02 1.899124624082304882e-02
6.168110264086245492e-02 -1.539543020998448974e-02 1.578574079283953657e-02
6.367421685592941638e-02 -1.821334684194649348e-02 1.206392855617470505e-02
6.536352870714215446e-02 -2.066759952899729219e-02 8.081760762135303117e-03
6.670598001471821081e-02 -2.267598608372717664e-02 4.092468946922144142e-03
6.765371420984436779e-02 -2.417032734283984172e-02 3.322405072067465773e-04
6.819368567801124825e-02 -2.516038772383147673e-02 -2.982889259814813614e-03
6.834434705163008883e-02 -2.572060597142942703e-02 -5.690982018374379954e-03
6.811691731307423225e-02 -2.590518702490303415e-02 -7.712129656326635260e-03
6.753699644877969588e-02 -2.579581239999612780e-02 -9.012914909932799590e-03
6.666436189975973037e-02 -2.552610462146102238e-02 -9.616443295072073238e-03
6.556274233940416474e-02 -2.523915185460380572e-02 -9.607342636455101781e-03
6.427379895053425551e-02 -2.501629303778325417e-02 -9.135936732953601341e-03
6.281536797875551803e-02 -2.488890466625931844e-02 -8.368365943714473759e-03
6.121444399323221902e-02 -2.489785866577861814e-02 -7.463846789451946198e-03
5.948536343050526976e-02 -2.506736475833160407e-02 -6.576707621167170864e-03
5.764589981538160990e-02 -2.543644709653541947e-02 -5.836881394703734467e-03
5.572159776555069000e-02 -2.604644520741270647e-02 -5.358380750836437556e-03
5.372755202762904969e-02 -2.689992633449258055e-02 -5.236911513390752129e-03
5.168244471964805742e-02 -2.798028365008807181e-02 -5.531635590484069651e-03
4.960700081194255318e-02 -2.925143180993928366e-02 -6.265842603511689174e-03
4.750398903151829139e-02 -3.063103641133697527e-02 -7.431213326736211752e-03
4.537010015861071832e-02 -3.203054455405805745e-02 -8.971617373123460387e-03
4.319321516724799331e-02 -3.335023835730249048e-02 -1.080226723770267086e-02
4.094852194335628359e-02 -3.449173737056383804e-02 -1.280674346570606810e-02
3.863434079939363774e-02 -3.542072117834534073e-02 -1.484283117356038732e-02
3.626385326256706398e-02 -3.614537663840464154e-02 -1.677670651829781673e-02
3.385459211747002956e-02 -3.668615210706996366e-02 -1.849936027945516676e-02
3.143254608696306740e-02 -3.707173455539371221e-02 -1.992912065284731596e-02
2.902994577478117122e-02 -3.733619591939583288e-02 -2.101371190371513833e-02
2.667847051271515085e-02 -3.751446751531821444e-02 -2.173173612538361818e-02
2.440348025591667844e-02 -3.764030267292489684e-02 -2.209081554934869129e-02
2.222155197137902841e-02 -3.774635647130038241e-02 -2.212399453417032702e-02
2.014088706702257120e-02 -3.786580088149021917e-02 -2.188446078547684470e-02
1.816159403285648802e-02 -3.802816231188791557e-02 -2.144154647988688253e-02
1.627724160294447345e-02 -3.825704139537487031e-02 -2.087326984953411652e-02
1.447929364163010914e-02 -3.857158228952628498e-02 -2.025931736992457946e-02
1.275487964137327415e-02 -3.897667658223130660e-02 -1.967729816920260957e-02
1.109028753363196576e-02 -3.946890946790346244e-02 -1.919257735713718674e-02
9.477914169489759511e-03 -4.004751084322936278e-02 -1.885417474747732441e-02
7.917900530952591207e-03 -4.071883313659319104e-02 -1.869429301007760960e-02
6.414054610521236627e-03 -4.148384772405844245e-02 -1.873400825170586786e-02
4.964317882967082471e-03 -4.231902750353537523e-02 -1.898305451975453723e-02
3.569098453241796240e-03 -4.319642551074408254e-02 -1.942911855566103324e-02
2.236142035550017781e-03 -4.409723192326715085e-02 -2.004178259261395201e-02
9.725494676365517305e-04 -4.500390155415126547e-02 -2.078082316931587764e-02
-2.163342298510018309e-04 -4.589896004695107751e-02 -2.160007304135148909e-02
-1.326404326102343040e-03 -4.676649226026424050e-02 -2.245032250116312314e-02
-2.354242088897765331e-03 -4.759485164699005927e-02 -2.328263351084331953e-02
-3.297469484419322718e-03 -4.837781765637423625e-02 -2.405235887733314648e-02
-4.156862319715795388e-03 -4.911134325706993653e-02 -2.472335981140051653e-02
-4.936727039470216287e-03 -4.979359704036756540e-02 -2.526904017216920206e-02
-5.643321800777516099e-03 -5.042733917786284409e-02 -2.567312478182823265e-02
-6.284868872382289549e-03 -5.101921959458464301e-02 -2.593062021629619768e-02
-6.871018278779957023e-03 -5.157885480341191375e-02 -2.604761263455798379e-02
-7.413748253052922753e-03 -5.211391023402672101e-02 -2.604094850426532173e-02
-7.925194256321807518e-03 -5.263291952145991021e-02 -2.593373036827948536e-02
-8.414532031088767586e-03 -5.314828610015216726e-02 -2.575358191314085221e-02
-8.889560153403291282e-03 -5.367191918437067000e-02 -2.553185000834665153e-02
-9.356407732025758331e-03 -5.421346892828472069e-02 -2.530096018194708668e-02
-9.819100752005241808e-03 -5.477963314269487793e-02 -2.509160391699975096e-02
-1.027957931202182901e-02 -5.537398095856171931e-02 -2.493034336743735896e-02
-1.073811470703850066e-02 -5.599679503055932095e-02 -2.483791991312423592e-02
-1.119394375142150795e-02 -5.664498941209845234e-02 -2.482809346621952379e-02
-1.164584734638975105e-02 -5.731224623449934774e-02 -2.490707178696427784e-02
-1.209258309626052436e-02 -5.798964583722774485e-02 -2.507339991596317652e-02
-1.253353624905653371e-02 -5.866573062221638185e-02 -2.531870779107269973e-02
-1.296831101866968185e-02 -5.932912300491779978e-02 -2.562804897640342042e-02
-1.339627350785025858e-02 -5.997023074710164381e-02 -2.598197916549230269e-02
-1.381738287937835097e-02 -6.058069664662650566e-02 -2.635887223605608634e-02
-1.423184111827746796e-02 -6.115427096736997248e-02 -2.673665132822309470e-02
-1.464028001468282644e-02 -6.168647885941583309e-02 -2.709480119026279679e-02
-1.504396851986547837e-02 -6.217451472345830038e-02 -2.741567329457806484e-02
-1.544449764190323343e-02 -6.261783878645810208e-02 -2.768545586686306167e-02
-1.584379993470509673e-02 -6.301809046385771496e-02 -2.789502064463315195e-02
-1.624371228093794001e-02 -6.337962746636618960e-02 -2.804014782938967637e-02
-1.664544784557633536e-02 -6.370968500607680773e-02 -2.812173126949832000e-02
-1.705033304793443505e-02 -6.401571766595222368e-02 -2.814611384505148750e-02
-1.745992291137155733e-02 -6.430437668143035301e-02 -2.812369554400399874e-02
-1.787516726113774768e-02 -6.458225683347174062e-02 -2.806741465714045203e-02
-1.829656323254839206e-02 -6.485544100346365970e-02 -2.799170977917459988e-02
-1.872436894482265579e-02 -6.512882346270776335e-02 -2.791144459174157294e-02
-1.915859023602254491e-02 -6.540586238890105930e-02 -2.784065403646311318e-02
-1.959965701793825454e-02 -6.568683490861176866e-02 -2.779187589260717281e-02
-2.004765757199339360e-02 -6.597099934468597660e-02 -2.777408379894476601e-02
-2.050124968649521054e-02 -6.625844717545395501e-02 -2.779265136143459908e-02
-2.095883936508812634e-02 -6.654836653248126510e-02 -2.784999931813894256e-02
-2.141855841218488765e-02 -6.683892777006600339e-02 -2.794555888905804822e-02
-2.187819784006668836e-02 -6.712757362661532501e-02 -2.807589325845901568e-02
-2.233538179389723405e-02 -6.741130230807193535e-02 -2.823512762478262716e-02
-2.278797970466413247e-02 -6.768661891726421298e-02 -2.841562801654977724e-02
-2.323503186466708420e-02 -6.794837428498201604e-02 -2.860887103267961695e-02
-2.367592708938529369e-02 -6.819252736207259691e-02 -2.880495014034986992e-02
-2.410958111562662431e-02 -6.841773606512600858e-02 -2.899393092989231008e-02
-2.453510979927828531e-02 -6.862450600763372877e-02 -2.916711150214056428e-02
-2.495188077060127990e-02 -6.881411001980852760e-02 -2.931804324191462224e-02
-2.535975105211996442e-02 -6.898779954265091274e-02 -2.944257466063617684e-02
-2.575851501696956730e-02 -6.914752191860187858e-02 -2.953865039780417812e-02
-2.614802669798893531e-02 -6.929582403591723339e-02 -2.960637054290637254e-02
-2.652831203277074973e-02 -6.943564583920085187e-02 -2.964788785899326318e-02
-2.689955513072701115e-02 -6.957010969759333530e-02 -2.966712078480721049e-02
-2.726201629940292262e-02 -6.970231636299299705e-02 -2.966932928710778669e-02
-2.761592769934268290e-02 -6.983515218636648925e-02 -2.966061593720818040e-02
-2.796141476859029945e-02 -6.997110227116237757e-02 -2.964739929617431213e-02
-2.829845011314088485e-02 -7.011209794195426281e-02 -2.963590251435504336e-02
-2.862684744306230253e-02 -7.025940831817965859e-02 -2.963169522571565406e-02
-2.894628003202343730e-02 -7.041360365702875601e-02 -2.963931367892155139e-02
-2.925632814610421017e-02 -7.057455510677797250e-02 -2.966199469548764373e-02
-2.955652871103970833e-02 -7.074150959890518342e-02 -2.970151101262392263e-02
-2.984642090212014792e-02 -7.091320322275732058e-02 -2.975813937403609666e-02
-3.012559655457367619e-02 -7.108799712974803175e-02 -2.983073888810454724e-02
-3.039373905989606328e-02 -7.126402498919612305e-02 -2.991693762861120237e-02
-3.065065937467096463e-02 -7.143934455599817990e-02 -3.001339261257446323e-02
-3.089631308474815805e-02 -7.161209573021942720e-02 -3.011610769538165810e-02
-3.113081404600840513e-02 -7.178063705523447802e-02 -3.022078082669004198e-02
-3.135443634138500302e-02 -7.194365455723347735e-02 -3.032315441037505832e-02
-3.156760888606224835e-02 -7.210023328888148786e-02 -3.041933752221222947e-02
-3.177089750636537258e-02 -7.224989443160861891e-02 -3.050607777469368717e-02
-3.196497640564099907e-02 -7.239260205445029184e-02 -3.058096334329229310e-02
-3.215059272979862992e-02 -7.252873433360022826e-02 -3.064255055796700350e-02
-3.232853527749932759e-02 -7.265901110204830982e-02 -3.069041136306668166e-02
-3.249959979618913253e-02 -7.278440505525915483e-02 -3.072509522960987366e-02
-3.266455103321751208e-02 -7.290605093469543219e-02 -3.074801766625180621e-02
-3.282409356958543301e-02 -7.302514252060643418e-02 -3.076129565544183375e-02
-3.297885268103158130e-02 -7.314282659057329272e-02 -3.076754134776731736e-02
-3.312936012136778741e-02 -7.326011089347223004e-02 -3.076963064860837455e-02
-3.327604619008682485e-02 -7.337779318284921859e-02 -3.077046704497177557e-02
-3.341924400475969337e-02 -7.349640174430879802e-02 -3.077276362875547983e-02
-3.355919187513718704e-02 -7.361618206843817402e-02 -3.077884612752155094e-02
-3.369604696471461408e-02 -7.373708721905314345e-02 -3.079051325958012328e-02
-3.382990968223868744e-02 -7.385878814545246418e-02 -3.080893791922607525e-02
-3.396083508203006501e-02 -7.398072460422872032e-02 -3.083462213491073439e-02
-3.408885339258521663e-02 -7.410216184108037174e-02 -3.086740959894675868e-02
-3.421399198748328874e-02 -7.422224884487786667e-02 -3.090655038395215964e-02
-3.433628809512423441e-02 -7.434009881202857661e-02 -3.095079775962105914e-02
-3.445580159875621939e-02 -7.445485350109110056e-02 -3.099854691875722837e-02
-3.457262988073318832e-02 -7.456573851386077978e-02 -3.104798371735896165e-02
-3.468690509846020231e-02 -7.467212607239294420e-02 -3.109723794216555370e-02
-3.479879551331882537e-02 -7.477357203231224658e-02 -3.114453391912234623e-02
-3.490850196485300455e-02 -7.486983632657914778e-02 -3.118832276787330063e-02
-3.501624945013896012e-02 -7.496088935640882189e-02 -3.122738631076273086e-02
-3.512227444750187777e-02 -7.504690544468328728e-02 -3.126090852373969442e-02
-3.522681722033690899e-02 -7.512822865245932791e-02 -3.128851504021799845e-02
-3.533010668460976472e-02 -7.520534550866492252e-02 -3.131026723144880036e-02
-3.543234862248174910e-02 -7.527883779801478048e-02 -3.132663310406885032e-02
-3.553373658080336006e-02 -7.534929544562894710e-02 -3.133843001991046262e-02
-3.563443050192731387e-02 -7.541730414890150669e-02 -3.134671718095353998e-02
-3.573452675355170971e-02 -7.548344994253777807e-02 -3.135269722535907050e-02
-3.583406401212517467e-02 -7.554826942786141419e-02 -3.135763130830787615e-02
-3.593303145288451184e-02 -7.561219582632197622e-02 -3.136274893097309308e-02
-3.603136998469591568e-02 -7.567553507687471703e-02 -3.136915351374117145e-02
-3.612897241518847613e-02 -7.573846595972663631e-02 -3.137774496278566277e-02
-3.622570104911393418e-02 -7.580102834954982605e-02 -3.138917090926582332e-02
-3.632139657998768867e-02 -7.586314782105714472e-02 -3.140378843009870163e-02
-3.641588704719909975e-02 -7.592465880545946899e-02 -3.142166270764486236e-02
-3.650900961715082549e-02 -7.598531451292692140e-02 -3.144258562013682590e-02
-3.660061166744498634e-02 -7.604483208341962508e-02 -3.146610496500231585e-02
-3.669055912633112371e-02 -7.610291896965583336e-02 -3.149158105508854250e-02
-3.677874696140787103e-02 -7.615929491761985748e-02 -3.151824835027249028e-02
-3.686509418432053209e-02 -7.621373191385730217e-02 -3.154527894060116244e-02
-3.694954814808264904e-02 -7.626606617680521671e-02 -3.157185584157707475e-02
-3.703208640247555861e-02 -7.631620832987008607e-02 -3.159723307714049773e-02
-3.711271011624867056e-02 -7.636415412878774789e-02 -3.162078719352989786e-02
-3.719144187093319232e-02 -7.640998164000017967e-02 -3.164205656376888054e-02
-3.726831954541330594e-02 -7.645384552615176743e-02 -3.166076509352739460e-02
-3.734339178872911336e-02 -7.649596189755987485e-02 -3.167683092239945847e-02
-3.741671314335660858e-02 -7.653658957427303400e-02 -3.169035866421407444e-02
-3.748833841912183745e-02 -7.657601116166765087e-02 -3.170161731088608215e-02
-3.755831594196244738e-02 -7.661451790200846101e-02 -3.171100661158210432e-02
-3.762668442069671410e-02 -7.665238868658370841e-02 -3.171901934866617340e-02
-3.769347218572172142e-02 -7.668987021476333932e-02 -3.172619722649078211e-02
-3.775869851065868921e-02 -7.672715624324988326e-02 -3.173308750667532679e-02
-3.782236712625989400e-02 -7.676439517601399420e-02 -3.174019366942969905e-02
-3.788445085041725058e-02 -7.680171684174585955e-02 -3.174794008015679320e-02
-3.794491111730197153e-02 -7.683919159932039999e-02 -3.175666657968440748e-02
-3.800372063437909564e-02 -7.687679468983818487e-02 -3.176660779044346988e-02
-3.806085886947362107e-02 -7.691442682492415084e-02 -3.177786879144593735e-02
-3.811631495177601747e-02 -7.695193698390015435e-02 -3.179042088526703308e-02
-3.817008222870092726e-02 -7.698916765665644868e-02 -3.180410682627600460e-02
-3.822216411672610392e-02 -7.702595993827510146e-02 -3.181867579376333743e-02
-3.827258789065085542e-02 -7.706214345556608447e-02 -3.183381164622726966e-02
-3.832139400664184847e-02 -7.709756110559014275e-02 -3.184915496798515488e-02
-3.836862503922608414e-02 -7.713210061825861996e-02 -3.186432954655397942e-02
-3.841433478000894769e-02 -7.716567745341341988e-02 -3.187898607124124706e-02
-3.845859014086254468e-02 -7.719823952861953886e-02 -3.189281884616231022e-02
-3.850146044310476939e-02 -7.722977748094578265e-02 -3.190558797803279278e-02
-3.854302232076963625e-02 -7.726031724172956194e-02 -3.191713276653529441e-02
-3.858335144072021217e-02 -7.728992446800254934e-02 -3.192737855736048347e-02
-3.862252738824219211e-02 -7.731868350862647343e-02 -3.193634109196883536e-02
-3.866063249909006128e-02 -7.734668706180376774e-02 -3.194411595134491466e-02
-3.869774040750291466e-02 -7.737404601425207362e-02 -3.195086052790552245e-02
-3.873391997853897067e-02 -7.740086724485825687e-02 -3.195678629846845920e-02
-3.876923783722941580e-02 -7.742724231709671723e-02 -3.196213517448569241e-02
-3.880374643183449185e-02 -7.745325832885230355e-02 -3.196715639993657349e-02
-3.883749176457629293e-02 -7.747897677906509517e-02 -3.197209458911759450e-02
-3.887051448222320071e-02 -7.750443081647855059e-02 -3.197716763367248333e-02
-3.890284601717166474e-02 -7.752962952619055215e-02 -3.198255220196562221e-02
-3.893450961343986744e-02 -7.755456303717787880e-02 -3.198837219481164007e-02
-3.896552514013425922e-02 -7.757919487326063457e-02 -3.199469897806430513e-02
-3.899591051548347703e-02 -7.760347078371959695e-02 -3.200154423829926903e-02
-3.902567351631616027e-02 -7.762733899867399479e-02 -3.200886377943252398e-02
-3.905482559210343707e-02 -7.765073181812616465e-02 -3.201657374405325607e-02
-3.908338098686940654e-02 -7.767357804700464330e-02 -3.202455244110274934e-02
-3.911135143257069013e-02 -7.769581675913025953e-02 -3.203265345663352387e-02
-3.913875238100529563e-02 -7.771739630519833297e-02 -3.204072016448972215e-02
-3.916560207257106796e-02 -7.773827881421002672e-02 -3.204859905055970626e-02
-3.919191825807585849e-02 -7.775845065370762255e-02 -3.205614898822654879e-02
-3.921772020980564266e-02 -7.777791477708920209e-02 -3.206325726790966446e-02
-3.924303477891851605e-02 -7.779667936811258955e-02 -3.206984533312069729e-02
-3.926788376262514008e-02 -7.781477940820752393e-02 -3.207586510172462380e-02
-3.929228881403731832e-02 -7.783226002063134419e-02 -3.208131024625225647e-02
-3.931627529372692248e-02 -7.784916985927536892e-02 -3.208620945813465963e-02
-3.933986150149870742e-02 -7.786557128501112035e-02 -3.209062063957777988e-02
-3.936306668709703416e-02 -7.788152077941476459e-02 -3.209462972051039392e-02
-3.938590503117253561e-02 -7.789707794109729244e-02 -3.209833587202500643e-02
-3.940838447353575691e-02 -7.791229863915537235e-02 -3.210184873503501429e-02
-3.943051099471166221e-02 -7.792722850798222689e-02 -3.210527746833184704e-02
-3.945228651506629824e-02 -7.794190013842870746e-02 -3.210872446212630765e-02
-3.947370960147206231e-02 -7.795633635194354483e-02 -3.211227421231074852e-02
-3.949477655864921943e-02 -7.797054497529842809e-02 -3.211599279483481895e-02
-3.951548477968831741e-02 -7.798452042263155637e-02 -3.211991993452018024e-02
-3.953582500374903941e-02 -7.799825862477335892e-02 -3.212406741801032695e-02
-3.955578698367560875e-02 -7.801175104820594342e-02 -3.212842444292876576e-02
-3.957536549309524643e-02 -7.802497398499785852e-02 -3.213296258612748091e-02
-3.959455488530615186e-02 -7.803790526940312944e-02 -3.213763123298710861e-02
-3.961334832172436898e-02 -7.805052576975515799e-02 -3.214236816823684562e-02
-3.963174284579516760e-02 -7.806281889151095443e-02 -3.214710346087141374e-02
-3.964973598873412775e-02 -7.807477476557861396e-02 -3.215176711056257075e-02
-3.966732808506304164e-02 -7.808639016241118724e-02 -3.215629332922553818e-02
-3.968452222880532176e-02 -7.809766553565694602e-02 -3.216062767944347783e-02
-3.970132457480430449e-02 -7.810860743977862675e-02 -3.216472712545447032e-02
-3.971773994030462773e-02 -7.811923370306211867e-02 -3.216856337125034715e-02
-3.973377796258931172e-02 -7.812956093641545974e-02 -3.217212705534333583e-02
-3.974944912709829636e-02 -7.813961102821588567e-02 -3.217542266342759971e-02
-3.976476014069767889e-02 -7.814941603036063000e-02 -3.217846824035269782e-02
-3.977972032899576571e-02 -7.815900327335305320e-02 -3.218129754406005849e-02
-3.979433841335683342e-02 -7.816840020428024449e-02 -3.218395167182847710e-02
-3.980862008289789283e-02 -7.817763381184753002e-02 -3.218647771707394689e-02
-3.982257239251703329e-02 -7.818672349531677335e-02 -3.218892497237509087e-02
-3.983620136622398333e-02 -7.819568346411384652e-02 -3.219133992855075649e-02
-3.984951373453676782e-02 -7.820451981770007444e-02 -3.219376337228597312e-02
-3.986251344142412861e-02 -7.821323924208106737e-02 -3.219622500412230165e-02
-3.987520112781817866e-02 -7.822184872996355842e-02 -3.219874540537957797e-02
-3.988758126314288777e-02 -7.823034241434548286e-02 -3.220133797394261754e-02
-3.989965899227850693e-02 -7.823870900195208089e-02 -3.220400339514543908e-02
-3.991143461193636527e-02 -7.824694387696368159e-02 -3.220672957075293441e-02
-3.992291285018235297e-02 -7.825503234665587282e-02 -3.220950050603281489e-02
-3.993410125771613278e-02 -7.826295827451740239e-02 -3.221229068357388259e-02
-3.994500255483017515e-02 -7.827071625730636084e-02 -3.221506876924144086e-02
-3.995562346835036804e-02 -7.827829785121040440e-02 -3.221780514878852530e-02
-3.996597166520596267e-02 -7.828569782378309860e-02 -3.222047031459034094e-02
-3.997605400456162583e-02 -7.829291530821849698e-02 -3.222303860078432752e-02
-3.998588152877321361e-02 -7.829994561084205329e-02 -3.222549103720786373e-02
-3.999546325816330516e-02 -7.830679338408380596e-02 -3.222781138844671434e-02
-4.000480527573607725e-02 -7.831347167379253127e-02 -3.222999161195731072e-02
-4.001391803498542676e-02 -7.831998804634116018e-02 -3.223203436748450085e-02
-4.002281428126242685e-02 -7.832634593963103131e-02 -3.223394885046040187e-02
-4.003150335389448616e-02 -7.833255614367211350e-02 -3.223574619634998750e-02
-4.003999302273763411e-02 -7.833863156302500741e-02 -3.223744333153655273e-02
-4.004829196352990839e-02 -7.834458358012008627e-02 -3.223906051197616973e-02
-4.005640784176131564e-02 -7.835042120414176248e-02 -3.224062034924735087e-02
-4.006434792706452253e-02 -7.835615112330131249e-02 -3.224214430982538793e-02
-4.007211827316981695e-02 -7.836177742173311422e-02 -3.224365228884706891e-02
-4.007972379165379573e-02 -7.836730402302143073e-02 -3.224515962090410137e-02
-4.008716698548228652e-02 -7.837273551527036697e-02 -3.224667806596541453e-02
-4.009445156014364992e-02 -7.837807143119102093e-02 -3.224821613500741813e-02
-4.010158304376608418e-02 -7.838330428151865648e-02 -3.224977823337372984e-02
-4.010856250308007798e-02 -7.838843532809257331e-02 -3.225135949514831846e-02
-4.011539225444493706e-02 -7.839345975051806303e-02 -3.225295602241098208e-02
-4.012208000904150806e-02 -7.839836553890691673e-02 -3.225455904858783029e-02
-4.012862538051750055e-02 -7.840315588419982662e-02 -3.225615321443747741e-02
-4.013502882986555442e-02 -7.840783335516100794e-02 -3.225772614529111293e-02
-4.014129708236513494e-02 -7.841238950439508026e-02 -3.225926848454634815e-02
-4.014743355734232133e-02 -7.841682384899070768e-02 -3.226076690545887776e-02
-4.015344160132355844e-02 -7.842113545779572092e-02 -3.226221238323315893e-02
-4.015932626794246896e-02 -7.842532594649331834e-02 -3.226359604526472802e-02
-4.016508995335459076e-02 -7.842940141741840121e-02 -3.226491327010903160e-02
-4.017073583466178321e-02 -7.843336989426981376e-02 -3.226616219317287454e-02
-4.017626712136722344e-02 -7.843723677010658313e-02 -3.226734688667395878e-02
-4.018169017330985165e-02 -7.844100225156526440e-02 -3.226847333732425771e-02
-4.018700514620335285e-02 -7.844467809544525272e-02 -3.226954589221289749e-02
-4.019221273322179377e-02 -7.844827366165643689e-02 -3.227057429371367470e-02
-4.019731762166583316e-02 -7.845179073267796732e-02 -3.227157006960954672e-02
-4.020232317331936395e-02 -7.845523078297290953e-02 -3.227254329280242195e-02
-4.020723015361557517e-02 -7.845860019210551539e-02 -3.227350104893719068e-02
-4.021203977558462234e-02 -7.846190239809534839e-02 -3.227445173417469587e-02
-4.021675449124894469e-02 -7.846513870410164182e-02 -3.227540120011200553e-02
-4.022137315277131420e-02 -7.846831452475445945e-02 -3.227635275121203129e-02
-4.022589612640889434e-02 -7.847143078918672465e-02 -3.227730959217374462e-02
-4.023032737597485864e-02 -7.847447960143269508e-02 -3.227827389348944531e-02
-4.023466648535858198e-02 -7.847746301836058813e-02 -3.227924024736014003e-02
-4.023891230459923640e-02 -7.848038246057545408e-02 -3.228020544483341941e-02
-4.024306668214416849e-02 -7.848323753318819929e-02 -3.228116421810585390e-02
-4.024713085567148407e-02 -7.848602561257037036e-02 -3.228211273087472355e-02
-4.025110658340073228e-02 -7.848874646358187934e-02 -3.228304386199710996e-02
-4.025499326697784541e-02 -7.849140243718626120e-02 -3.228395243132496650e-02
-4.025879370847555011e-02 -7.849399251381161680e-02 -3.228483406438817371e-02
-4.026250828338258370e-02 -7.849652000427083387e-02 -3.228568465656902337e-02
-4.026613894766909590e-02 -7.849898604514754519e-02 -3.228650253244381985e-02
-4.026968751952541420e-02 -7.850139313080894965e-02 -3.228728654706526646e-02
-4.027315549370172332e-02 -7.850374420496518402e-02 -3.228803737939974633e-02
-4.027654533033145356e-02 -7.850604122020182762e-02 -3.228875692994651048e-02
-4.027985803699312556e-02 -7.850828903582318663e-02 -3.228944738818283200e-02
-4.028309623331791794e-02 -7.851048854522105214e-02 -3.229011351317748885e-02
-4.028626337082944625e-02 -7.851263966663793448e-02 -3.229075912855151886e-02
-4.028936039045193096e-02 -7.851474627633114878e-02 -3.229138718975822775e-02
-4.029238805387454214e-02 -7.851681279255014190e-02 -3.229200114224910212e-02
-4.029534584601870972e-02 -7.851884541126889772e-02 -3.229260440317205383e-02
-4.029823695113879389e-02 -7.852084011250405615e-02 -3.229320329901304298e-02
-4.030106394675318782e-02 -7.852279515257780396e-02 -3.229379890163944222e-02
-4.030382583419150205e-02 -7.852471329456885141e-02 -3.229439169035053930e-02
-4.030652426705708807e-02 -7.852659473166893889e-02 -3.229498181591615447e-02
-4.030915874325810555e-02 -7.852844293550440002e-02 -3.229556843868740951e-02
-4.031173321479046556e-02 -7.853025114339212687e-02 -3.229615320597366279e-02
-4.031424898257930656e-02 -7.853202004806598968e-02 -3.229673168024976837e-02
-4.031670431619657075e-02 -7.853375352144489896e-02 -3.229730156792337548e-02
-4.031910242261601413e-02 -7.853544892550851086e-02 -3.229786148920637395e-02
-4.032144509746996702e-02 -7.853710464110892631e-02 -3.229840949856191412e-02
-4.032373438071690241e-02 -7.853871971856246637e-02 -3.229894286452673902e-02
-4.032597069477947271e-02 -7.854029689916480761e-02 -3.229945883883705848e-02
-4.032815645503183555e-02 -7.854183529032462974e-02 -3.229995706897242219e-02
-4.033029268093279995e-02 -7.854333802490563732e-02 -3.230043571010558084e-02
-4.033237998515086520e-02 -7.854480699207122552e-02 -3.230089578592580668e-02
-4.033442269798116764e-02 -7.854623797995183287e-02 -3.230133907108227731e-02
-4.033641882240014687e-02 -7.854763963535191240e-02 -3.230176347942290832e-02
-4.033836925995226697e-02 -7.854901237150938020e-02 -3.230217352142913251e-02
-4.034027658842403302e-02 -7.855035698477021155e-02 -3.230257040046163181e-02
-4.034213904228046293e-02 -7.855167802455600978e-02 -3.230295685539741335e-02
-4.034396133633093295e-02 -7.855296935109751244e-02 -3.230333708563028206e-02
-4.034574339986794766e-02 -7.855423436995105646e-02 -3.230371051542260674e-02
-4.034748447322856341e-02 -7.855547663536643910e-02 -3.230407887752480278e-02
-4.034918785141336506e-02 -7.855669325313532902e-02 -3.230444456828642646e-02
-4.035085479192944413e-02 -7.855788391010284921e-02 -3.230480783682092988e-02
-4.035248710405137801e-02 -7.855904660794851835e-02 -3.230516897838290463e-02
-4.035408463332657014e-02 -7.856018462740313457e-02 -3.230552577384689789e-02
-4.035564672675274328e-02 -7.856130045287340602e-02 -3.230587829135567191e-02
-4.035717832025518398e-02 -7.856238581350856454e-02 -3.230622808119296141e-02
-4.035867757275411055e-02 -7.856344690026750843e-02 -3.230656999951815600e-02
-4.036014225898209434e-02 -7.856448754148816216e-02 -3.230690449842121836e-02
-4.036157644393405242e-02 -7.856550271374189431e-02 -3.230723220706820109e-02
-4.036297987221332956e-02 -7.856649309032970319e-02 -3.230755171772540374e-02
-4.036435347964521109e-02 -7.856745819785564133e-02 -3.230786217729646886e-02
-4.036569749605916496e-02 -7.856840002006280910e-02 -3.230816234760632011e-02
-4.036701218638679561e-02 -7.856932030676740120e-02 -3.230845226792951330e-02
-4.036829883941517316e-02 -7.857021902284101744e-02 -3.230873254727334443e-02
-4.036955791460608567e-02 -7.857109722685695630e-02 -3.230900350326196269e-02
-4.037079089123518649e-02 -7.857195352985231473e-02 -3.230926638232806125e-02
-4.037199837119156975e-02 -7.857278933867714588e-02 -3.230952084874591512e-02
-4.037317897189618421e-02 -7.857360934363841198e-02 -3.230976718629197109e-02
-4.037433414275187066e-02 -7.857441259383562970e-02 -3.231000794611062210e-02
-4.037546641085165700e-02 -7.857519563897413795e-02 -3.231024473310543238e-02
-4.037657540835457026e-02 -7.857596069678614292e-02 -3.231047668666475053e-02
-4.037765963567424565e-02 -7.857671227409983306e-02 -3.231070388770281021e-02
-4.037871966624063946e-02 -7.857745090811002475e-02 -3.231092812721905738e-02
-4.037975754937018352e-02 -7.857817309468892453e-02 -3.231115119918596956e-02
-4.038077203204260002e-02 -7.857888229774910582e-02 -3.231137145004578382e-02
-4.038176429429559539e-02 -7.857957516690113053e-02 -3.231159106839073814e-02
-4.038273515112587864e-02 -7.858025318361937239e-02 -3.231180756619072419e-02
-4.038368349397508661e-02 -7.858091747851435327e-02 -3.231202176327352404e-02
-4.038461425310655578e-02 -7.858156084144703180e-02 -3.231223397613217085e-02
-4.038552635797992840e-02 -7.858218660038635006e-02 -3.231244088944164317e-02
-4.038642045160370508e-02 -7.858279468734988282e-02 -3.231264217609840228e-02
-4.038729421186081775e-02 -7.858339343233167185e-02 -3.231283467158971301e-02
-4.038814563515578937e-02 -7.858398563129098680e-02 -3.231302130306990678e-02
-4.038897968244251069e-02 -7.858456209588131347e-02 -3.231320487651077877e-02
-4.038979510573165177e-02 -7.858512417718188647e-02 -3.231338330854760521e-02
-4.039059216537058128e-02 -7.858567116576888056e-02 -3.231355682437170307e-02
-4.039137089467947916e-02 -7.858620663112389493e-02 -3.231372374956837518e-02
-4.039213040546787981e-02 -7.858673358691464772e-02 -3.231388543592482454e-02
-4.039287267624554201e-02 -7.858725072094309427e-02 -3.231404323928392663e-02
-4.039359892147637021e-02 -7.858775538745292610e-02 -3.231419867371119331e-02
-4.039431008830533798e-02 -7.858824706470314558e-02 -3.231435088267408523e-02
-4.039500483856232893e-02 -7.858872912384112785e-02 -3.231449928666604854e-02
-4.039568609483955297e-02 -7.858919717945531125e-02 -3.231464571810923475e-02
-4.039635297472247977e-02 -7.858965577114714052e-02 -3.231478765365096428e-02
-4.039700268824820278e-02 -7.859011021995608581e-02 -3.231492601837460815e-02
-4.039763732608717128e-02 -7.859055768837407141e-02 -3.231506305534881385e-02
-4.039825756812983476e-02 -7.859099578293342325e-02 -3.231519963296755615e-02
-4.039886390443654662e-02 -7.859142323782641881e-02 -3.231533517466875921e-02
-4.039945573129678780e-02 -7.859184185809026113e-02 -3.231546860252258735e-02
-4.040003317819768763e-02 -7.859225276011878869e-02 -3.231559983479816156e-02
-4.040059846898483298e-02 -7.859265264197523582e-02 -3.231572978972926252e-02
-4.040115120147245997e-02 -7.859304407303843720e-02 -3.231585641040948115e-02
-4.040169086502602008e-02 -7.859342782575687303e-02 -3.231598033312836626e-02
-4.040221942743443817e-02 -7.859380168352823881e-02 -3.231610152294081550e-02
-4.040273894217279171e-02 -7.859416104316990781e-02 -3.231622056182990171e-02
-4.040324760606054527e-02 -7.859451235970423000e-02 -3.231633324603247481e-02
-4.040374351634266198e-02 -7.859485874099210456e-02 -3.231644140677946558e-02
-4.040423025287794012e-02 -7.859519584585436536e-02 -3.231654625326597224e-02
-4.040470641533012996e-02 -7.859552550261794668e-02 -3.231664742769846388e-02
-4.040517102145499417e-02 -7.859585027463505957e-02 -3.231674464914618267e-02
-4.040562397150965213e-02 -7.859617020969418555e-02 -3.231683950454140863e-02
-4.040606701002388834e-02 -7.859648251078917014e-02 -3.231693305455967530e-02
-4.040650130670635221e-02 -7.859678487056512286e-02 -3.231702554823181334e-02
-4.040692613674328609e-02 -7.859708046757316047e-02 -3.231711522626681127e-02
-4.040734172264749680e-02 -7.859736949150310237e-02 -3.231720326902497165e-02
-4.040775086966369445e-02 -7.859764843871551443e-02 -3.231729012784903543e-02
-4.040815214677524747e-02 -7.859792086556548207e-02 -3.231737415962283866e-02
-4.040854400455149570e-02 -7.859819032708770248e-02 -3.231745544337156356e-02
-4.040892621729502698e-02 -7.859845763305434163e-02 -3.231753516055280162e-02
-4.040929822248260500e-02 -7.859872312901025615e-02 -3.231761428510399742e-02
-4.040966215000445227e-02 -7.859898087616623563e-02 -3.231769488377625454e-02
-4.041001958553037954e-02 -7.859922816115824662e-02 -3.231777535866887929e-02
-4.041036691319096347e-02 -7.859947314530747742e-02 -3.231785267345835266e-02
-4.041070279768577828e-02 -7.859971995509459908e-02 -3.231792809098665148e-02
-4.041103171938525973e-02 -7.859996002621599809e-02 -3.231800535721253420e-02
-4.041135423909925084e-02 -7.860019272363323595e-02 -3.231808207137322475e-02
-4.041166968712848334e-02 -7.860041767021680448e-02 -3.231815807574887900e-02
-4.041197880446999180e-02 -7.860063646477304100e-02 -3.231823118546502116e-02
-4.041228083904328111e-02 -7.860085059194631130e-02 -3.231830197354799289e-02
-4.041257810841657194e-02 -7.860105765325910154e-02 -3.231837046922546308e-02
-4.041286962797611959e-02 -7.860125946196769298e-02 -3.231843599256034594e-02
-4.041315627418456263e-02 -7.860145460370297765e-02 -3.231849896479851991e-02
-4.041343647718271398e-02 -7.860164719263315614e-02 -3.231855795854779445e-02
-4.041370909425956448e-02 -7.860183878106022370e-02 -3.231861450398852004e-02
-4.041397643626745695e-02 -7.860202511721853247e-02 -3.231867027063652781e-02
-4.041423947600666228e-02 -7.860220355828227701e-02 -3.231872526968288667e-02
-4.041449610670848347e-02 -7.860237942122211274e-02 -3.231877713788312845e-02
-4.041474531821916821e-02 -7.860255481916456066e-02 -3.231882746432164499e-02
-4.041498969586360124e-02 -7.860272609633781049e-02 -3.231887780619446815e-02
-4.041522668214832248e-02 -7.860289831162647900e-02 -3.231892680818526653e-02
-4.041545823455518216e-02 -7.860306578634075614e-02 -3.231897784260288897e-02
-4.041568717419904977e-02 -7.860322468014330211e-02 -3.231902939036185307e-02
-4.041591033212429268e-02 -7.860338075441206107e-02 -3.231907930233267334e-02
-4.041612818586381994e-02 -7.860353494874790237e-02 -3.231912803435883774e-02
-4.041634355049937566e-02 -7.860368207419847486e-02 -3.231917734678195486e-02
-4.041655536530625037e-02 -7.860382560412568220e-02 -3.231922434328152183e-02
-4.041676213739089918e-02 -7.860396689121353087e-02 -3.231927007323128626e-02
-4.041696454344945177e-02 -7.860410645331344925e-02 -3.231931390017613037e-02
-4.041716172129492662e-02 -7.860424395954215826e-02 -3.231935721298884179e-02
-4.041735462269370471e-02 -7.860437836583530902e-02 -3.231939948850502675e-02
-4.041754176413171057e-02 -7.860451134014753705e-02 -3.231944082780244254e-02
-4.041772560892806926e-02 -7.860463846914957087e-02 -3.231948227594358403e-02
-4.041790578458595573e-02 -7.860476149419279301e-02 -3.231952206106813996e-02
-4.041808107398100341e-02 -7.860488317406127967e-02 -3.231956001252862115e-02
-4.041825386554269428e-02 -7.860499975000248551e-02 -3.231959754949588481e-02
-4.041842400810093106e-02 -7.860511246688189901e-02 -3.231963326217415083e-02
-4.041859074686869613e-02 -7.860522229191718724e-02 -3.231966742596675823e-02
-4.041875482053941537e-02 -7.860532887801985336e-02 -3.231969995585400046e-02
-4.041891252407554119e-02 -7.860543988032143992e-02 -3.231972954446630381e-02
-4.041906561189634317e-02 -7.860555000926881808e-02 -3.231976059253360151e-02
-4.041921614643030625e-02 -7.860565616987037763e-02 -3.231979221031784644e-02
-4.041936112352879917e-02 -7.860576219013629129e-02 -3.231982365771182697e-02
-4.041950325865596716e-02 -7.860586372537535504e-02 -3.231985620552487587e-02
