1.182764580246723901e-01 1.588268395453995563e-01 -1.979262263035007352e-02
2.708467655009980657e-01 7.198032449632747742e-02 -3.956799602873796451e-02
3.232157351779507692e-01 1.152912992960965222e-01 1.054011279282983035e-02
3.655961122096212934e-01 1.481077665525373510e-01 3.517442687955663061e-02
3.893366400964777263e-01 1.641193049719832375e-01 6.790346559746424093e-02
3.920063400804556508e-01 1.795205021983925509e-01 1.061690762646250452e-01
3.808755093519992085e-01 2.020880950234970053e-01 1.392332699566631304e-01
3.582949160902200170e-01 2.361673088775935458e-01 1.572407457002132358e-01
3.246082492947106601e-01 2.768919927472778264e-01 1.580695004782752267e-01
2.822921212930593615e-01 3.131635095116626077e-01 1.437658745654032955e-01
2.345406126008699188e-01 3.363749125103405735e-01 1.176266015155868205e-01
1.867886020073254438e-01 3.418278021985172721e-01 8.324267611666355537e-02
1.448528154914185406e-01 3.305634255468894445e-01 4.389710832952983116e-02
1.134741891908415401e-01 3.078397661562943810e-01 2.844628452199957254e-03
9.530866409009067231e-02 2.803288171975865661e-01 -3.649637762308520494e-02
9.053618198101161252e-02 2.537331515739495447e-01 -7.079860130266216189e-02
9.694416179491824326e-02 2.319785687740553715e-01 -9.734694070482539929e-02
1.106918767676695059e-01 2.171308303032389864e-01 -1.142400095890276496e-01
1.275264576987220344e-01 2.095108085376328755e-01 -1.204182493748004873e-01
1.437791445151558323e-01 2.080902912197192256e-01 -1.156708999239233898e-01
1.570411113139897896e-01 2.108201556218667894e-01 -1.006214857096352222e-01
1.661435979348032110e-01 2.155308952466077899e-01 -7.687382038373800908e-02
1.708598785511375451e-01 2.204801594034093148e-01 -4.678512190945057631e-02
1.717197778593457791e-01 2.243069938958283105e-01 -1.315164305570733563e-02
1.697082581891717346e-01 2.258705037648016944e-01 2.111242814567333703e-02
1.659144724981589936e-01 2.243948739189180475e-01 5.313253647248327577e-02
1.612615726381907144e-01 2.195654190715760623e-01 8.038706453826710563e-02
1.565259151162969320e-01 2.113752313248735692e-01 1.009661655623196458e-01
1.522405221808958431e-01 2.002269434606710197e-01 1.136846344434341571e-01
1.487824298097827624e-01 1.867033317148778515e-01 1.182144384425613121e-01
1.464749020373105337e-01 1.713758641640399927e-01 1.150029880176371561e-01
1.454757428134874631e-01 1.549958023578293931e-01 1.050541536481604948e-01
1.457284133501329793e-01 1.385654101880164912e-01 8.979918517386521748e-02
1.470575985358624216e-01 1.230956265901007179e-01 7.101741956833820812e-02
1.492044319011450737e-01 1.094746817622408719e-01 5.063785176971573321e-02
1.518340546069650854e-01 9.838406126086957082e-02 3.056757014559883037e-02
1.546017504094575612e-01 9.021768546065300765e-02 1.252470181459672434e-02
1.572497562985553654e-01 8.494443006777130378e-02 -2.062515184574637700e-03
1.596450941400568979e-01 8.218117435585936548e-02 -1.222263598990019906e-02
1.616641653503588238e-01 8.151443547052523997e-02 -1.752763023065118456e-02
1.632108965262338007e-01 8.253456437817649483e-02 -1.800182451572759218e-02
1.642261493099264613e-01 8.483397844568060786e-02 -1.404792504599436387e-02
1.646376957886302728e-01 8.804610394795701900e-02 -6.364323112903068694e-03
1.643839683103806015e-01 9.177131412989270043e-02 4.163907780208751450e-03
1.634341060272656576e-01 9.555383913036613608e-02 1.653366999515000491e-02
1.617653345488341277e-01 9.897757197442119681e-02 2.967315370448349310e-02
1.593892949734741216e-01 1.016715562543713258e-01 4.254328582813272225e-02
1.563719495878040378e-01 1.033380856889873772e-01 5.419587942489609983e-02
1.528323340094359661e-01 1.037525996386225446e-01 6.384589777958848966e-02
1.489265926760223735e-01 1.028101716854224468e-01 7.088721324696395376e-02
1.447869727231070880e-01 1.005989506530503008e-01 7.492584105114633020e-02
1.405324861155849980e-01 9.733912842058567438e-02 7.582270238796520734e-02
1.362894297721322645e-01 9.327485289766601628e-02 7.370465003710766072e-02
1.321601189639104168e-01 8.869943542437408457e-02 6.889650779129474767e-02
1.281868991969393745e-01 8.398160254979990247e-02 6.188949339675564598e-02
1.243876919430467048e-01 7.948805021732043008e-02 5.331562742958513568e-02
1.207768928434396205e-01 7.551196374013541268e-02 4.389887940073985972e-02
1.173592433752571329e-01 7.227596855761260486e-02 3.437122576584865363e-02
1.141063864069139233e-01 6.996871590520128970e-02 2.541204437470817937e-02
1.109759467484764950e-01 6.871198673931147582e-02 1.761827922210752739e-02
1.079393482685567229e-01 6.850408550155891174e-02 1.147526948670112359e-02
1.049839171929770887e-01 6.922615449226270090e-02 7.308901779511246810e-03
1.021232811059571144e-01 7.063525204222823040e-02 5.271308443760023242e-03
9.937153694907256696e-02 7.246985276519607444e-02 5.303152449837479111e-03
9.670336721112492151e-02 7.454003819108952211e-02 7.170298840198005216e-03
9.409629639938174583e-02 7.666479964518699286e-02 1.053300182098280274e-02
9.151607988033122476e-02 7.869792566616806706e-02 1.496902949555499462e-02
8.891929607789914036e-02 8.050703374598242035e-02 2.002763056064938915e-02
8.627634097947535496e-02 8.195600198677448212e-02 2.525574718238880051e-02
8.355998431144393002e-02 8.294179923353064976e-02 3.022169125769805231e-02
8.076905003369815039e-02 8.337512324773831141e-02 3.455185592269537087e-02
7.793282125964759444e-02 8.319132199358050817e-02 3.794395530651187981e-02
7.510490070944238206e-02 8.236079019053280104e-02 4.018243615263840385e-02
7.235103398666710428e-02 8.091130907265869920e-02 4.114029795441494219e-02
6.973096373585775665e-02 7.893784964384956138e-02 4.078931757807718883e-02
6.729676102191980980e-02 7.658065050200513202e-02 3.920314945170540188e-02
6.508844815501574343e-02 7.399815495779349384e-02 3.655073230970163484e-02
6.312554976955386810e-02 7.136233980329019511e-02 3.307091603851292777e-02
6.140604870742250726e-02 6.883990842844878166e-02 2.905653889126919714e-02
5.991851090268073693e-02 6.656707592328775513e-02 2.482801929556392034e-02
5.864952726552312423e-02 6.462839030823322450e-02 2.070816889848868872e-02
5.758238251174338518e-02 6.307101120735689181e-02 1.698387089865142224e-02
5.668889862628491427e-02 6.192194586975369175e-02 1.388886617785274266e-02
5.594432036240192668e-02 6.116834546871605105e-02 1.159660759394459846e-02
5.532102170502372490e-02 6.077328831084462257e-02 1.020506857209596031e-02
5.478361014391373851e-02 6.068677686872268884e-02 9.737081502069172556e-03
5.430018942290430750e-02 6.083159416799301111e-02 1.014983823328875594e-02
5.384582496154627362e-02 6.110673820603404471e-02 1.133854859128606216e-02
5.339734854644691969e-02 6.141024430262742584e-02 1.314320038802881986e-02
5.293338548106119729e-02 6.165310769705754229e-02 1.536638367065629347e-02
5.243721027829582881e-02 6.176422257298840729e-02 1.779388619153894624e-02
5.189873862617097600e-02 6.168929718767157677e-02 2.021476739531120545e-02
5.131512432257171602e-02 6.139057927401525561e-02 2.243626498322957158e-02
5.068630322836160940e-02 6.085501783497501704e-02 2.429454180621920534e-02
5.001425340669487379e-02 6.009380052311252829e-02 2.566677756212718334e-02
4.930779127986636284e-02 5.912977263363299041e-02 2.647995546868943395e-02
4.858772721496164987e-02 5.798195159998682791e-02 2.671221856900124481e-02
4.787668677921219640e-02 5.668456738315100218e-02 2.637971791841575708e-02
4.719288406373983030e-02 5.529078361731726982e-02 2.553732760506144395e-02
4.655615487404587277e-02 5.385764814169537867e-02 2.427482593799269034e-02
4.597935257938508269e-02 5.245060028574843880e-02 2.270566206811860943e-02
4.546869252408997086e-02 5.113172537309768062e-02 2.096081808829221987e-02
4.502681001345931744e-02 4.994809873680227524e-02 1.917751529770757996e-02
4.464973696453042318e-02 4.893407017394610370e-02 1.748543553631797670e-02
4.432823982456729484e-02 4.810950892335150164e-02 1.599807044166141196e-02
4.405142473312403939e-02 4.747659118213075347e-02 1.480559417992022633e-02
4.380472257627623239e-02 4.702819913480917047e-02 1.396725520549855007e-02
4.357045603559706048e-02 4.674948558220792805e-02 1.351167071245390830e-02
4.333236407910694143e-02 4.661362720358170481e-02 1.343824727994638937e-02
4.307564741367880812e-02 4.658482314968890453e-02 1.371813766396513465e-02
4.278732327769861621e-02 4.662253019304588714e-02 1.429762258171968919e-02
4.245739184705870500e-02 4.668478114780571370e-02 1.510399290692353985e-02
4.208018499858167533e-02 4.673066509071120700e-02 1.605244010931390630e-02
4.165462724324920513e-02 4.672355165238638308e-02 1.705298372022175449e-02
4.118377217310183191e-02 4.663423918576807548e-02 1.801741888396731633e-02
4.067421890145275776e-02 4.644277273693821206e-02 1.886597186086669611e-02
4.013533303833479587e-02 4.613913763090819742e-02 1.953283571926275886e-02
3.957815401003354772e-02 4.572329567717496601e-02 1.997017856975624381e-02
3.901428656241333337e-02 4.520448333708921435e-02 2.015053645726963549e-02
3.845492816033130312e-02 4.459981505895153908e-02 2.006754329643577889e-02
3.791001009422181184e-02 4.393250947156439323e-02 1.973499242572968743e-02
3.738753894368646719e-02 4.322973274841777902e-02 1.918450837436144751e-02
3.689326898456642134e-02 4.252005857690076968e-02 1.846205819617589491e-02
3.643053563119191124e-02 4.183106554693702406e-02 1.762351935196698055e-02
3.600014586672678485e-02 4.118746975958187395e-02 1.672972710430558133e-02
3.560049804942386209e-02 4.060952780591960132e-02 1.584159844399042269e-02
3.522796810849612714e-02 4.011170721651011184e-02 1.501561019416722612e-02
3.487732048230123005e-02 3.970203263491650647e-02 1.429985443944400622e-02
3.454306314009959744e-02 3.938006884826285997e-02 1.373144704186357590e-02
3.422157054034022372e-02 3.913437982984523111e-02 1.333436385515894378e-02
3.390832890441778519e-02 3.895126538236756003e-02 1.311547174771651725e-02
3.359685832984643516e-02 3.881813968231574707e-02 1.306725785633279166e-02
3.328229189970314389e-02 3.871924770043311259e-02 1.317119922516149511e-02
3.296088234880971413e-02 3.863691023943940928e-02 1.339934026858536666e-02
3.262977304238313947e-02 3.855320609652130442e-02 1.371660612793577927e-02
3.228723406225957049e-02 3.845148699542996762e-02 1.408380103551104719e-02
3.193297016362613150e-02 3.831760527837035912e-02 1.446081558058003556e-02
3.156823971743386026e-02 3.814083572996398996e-02 1.480970421573081161e-02
3.119564426210853780e-02 3.791467090692648978e-02 1.509732667907380012e-02
3.081874530711150792e-02 3.763716142796502684e-02 1.529754210569649400e-02
3.044192044799241825e-02 3.731019270850104846e-02 1.539284405232011280e-02
3.006973393473995337e-02 3.693952111900922902e-02 1.537475937942666022e-02
2.970634269592107440e-02 3.653428678233378024e-02 1.524398918708585841e-02
2.935566005033064113e-02 3.610525678517265136e-02 1.500991861819559597e-02
2.902097558287355938e-02 3.566411256855429174e-02 1.468904696145708830e-02
2.870521740347874162e-02 3.522144982982998440e-02 1.430351098278528563e-02
2.841146482861950373e-02 3.478505263016706123e-02 1.387867781419831886e-02
2.814043736857466810e-02 3.436465064532819025e-02 1.343939773029843333e-02
2.789031809117529029e-02 3.397091040609974411e-02 1.301011365834738379e-02
2.765956398344688802e-02 3.360972383981843115e-02 1.261416809289953381e-02
2.744562220533687535e-02 3.328400739215640891e-02 1.227062018308867908e-02
2.724604637860584058e-02 3.299119860721158592e-02 1.199400560440481295e-02
2.706013604529117211e-02 3.272246109042671602e-02 1.179239713044456968e-02
2.688587176510039492e-02 3.247032092606526310e-02 1.166536189668057437e-02
2.672040086707301934e-02 3.222879461014516167e-02 1.160657086322351705e-02
2.656201132660907654e-02 3.199054005214850560e-02 1.160557723604337815e-02
2.640955664821468402e-02 3.174730109870546602e-02 1.164847721226389132e-02
2.626227554273169798e-02 3.149065766294752156e-02 1.171876062255533882e-02
2.611967234315033110e-02 3.121312112921013904e-02 1.179854724379104415e-02
2.598170557101814673e-02 3.090871553353196841e-02 1.187007303796790668e-02
2.584884773041821321e-02 3.057338456826878825e-02 1.191707769199095400e-02
2.572197072350039526e-02 3.020526152983554410e-02 1.192596430342796401e-02
2.560214931601081587e-02 2.980471515129702945e-02 1.188669166597072432e-02
2.549104776083460644e-02 2.937288424031980066e-02 1.179361201877116884e-02
2.539100756817054202e-02 2.891109352674707533e-02 1.164514283279877507e-02
2.530327511639679505e-02 2.842401397685774198e-02 1.144263499565506548e-02
2.522779159925221670e-02 2.791914943188060494e-02 1.119120501053825871e-02
2.516765716898992922e-02 2.739676823848785636e-02 1.090130564257516844e-02
2.512742763549512606e-02 2.685419692127298877e-02 1.058318510831471500e-02
2.510821175857475690e-02 2.629440824227223528e-02 1.024542063871338067e-02
2.511317413295728260e-02 2.571562455777859357e-02 9.898512828730877261e-03
2.514584068233292544e-02 2.511576417818732476e-02 9.550228874823077710e-03
2.520639240545199944e-02 2.449649675637439322e-02 9.206283307660949669e-03
2.529400200740482968e-02 2.386021806438520104e-02 8.870915837612266056e-03
2.540682929013091812e-02 2.320787197660729995e-02 8.547775509267829808e-03
2.554438778454331746e-02 2.253485408202048068e-02 8.239329601572007583e-03
2.570568204639201229e-02 2.183562162393976394e-02 7.944530843203581605e-03
2.588965824921925923e-02 2.110404740750318822e-02 7.659903587608063794e-03
2.609650970590445679e-02 2.033301923135592132e-02 7.379799577266303590e-03
2.632648583698901645e-02 1.951678760983760474e-02 7.096644203290421865e-03
2.658308685764440918e-02 1.864404588720015854e-02 6.803551518119033484e-03
2.687506305786957483e-02 1.769496734384252284e-02 6.492674746428351781e-03
2.720702318608725356e-02 1.666162977686403909e-02 6.149644680791568202e-03
2.758016581866658962e-02 1.554410003648499378e-02 5.762227800438959879e-03
2.799952533802537932e-02 1.433777711602348889e-02 5.322455483000520897e-03
2.846893201578590271e-02 1.303882513020795594e-02 4.823911989728060096e-03
2.899077603274687401e-02 1.164453651899867263e-02 4.261957996072266580e-03
2.956228111898640334e-02 1.016267958350429608e-02 3.631937549258557486e-03
3.017507994616694389e-02 8.610344118997456664e-03 2.933791638659128016e-03
3.081303860843889741e-02 7.019498905061327849e-03 2.170768191856655566e-03
3.145945967899829721e-02 5.414332626344006173e-03 1.359078999226894261e-03
3.210664407766310874e-02 3.796984526203220963e-03 5.203270703937618990e-04
3.273850575088179532e-02 2.182479061763548892e-03 -3.313026432298840770e-04
3.334027031933898405e-02 5.812695214873369633e-04 -1.177343702585422315e-03
3.391065296788496608e-02 -1.017045282105312476e-03 -1.998782272495111707e-03
3.444523189872979868e-02 -2.612953993627532140e-03 -2.787359316439671011e-03
3.493460554699161918e-02 -4.194141116270412757e-03 -3.538954123723535294e-03
3.536567270662216433e-02 -5.736585223600156394e-03 -4.251293306075478937e-03
3.573041248770040396e-02 -7.232951886426215032e-03 -4.913840741045226099e-03
3.603265954007001115e-02 -8.702159646402961649e-03 -5.518165700751180396e-03
3.627505623178231553e-02 -1.016441211506736823e-02 -6.066558437577331681e-03
3.647645982484133687e-02 -1.166937813369555745e-02 -6.562281284351577544e-03
3.666443194940256084e-02 -1.326736567589813058e-02 -7.026797608605049594e-03
3.685252665275152995e-02 -1.497059540519939461e-02 -7.495477716627250986e-03
3.704810738278505045e-02 -1.676740150612282543e-02 -8.001809215608116782e-03
3.723498138037290017e-02 -1.859768732209194850e-02 -8.577644607426137754e-03
3.738996803933987423e-02 -2.040973590521944631e-02 -9.225181875652757602e-03
3.750887455855310415e-02 -2.220663563683401148e-02 -9.927698987431923111e-03
3.756441664813023329e-02 -2.395867052389025892e-02 -1.068369468175054716e-02
3.752221342817763095e-02 -2.563103455969071090e-02 -1.147746256113144590e-02
3.736817513307991168e-02 -2.721361441169112272e-02 -1.228488320166805717e-02
3.709169782800791210e-02 -2.870127889515168215e-02 -1.308063828015423348e-02
3.670682740841066383e-02 -3.013074629821888006e-02 -1.383506306148513630e-02
3.622564875366868220e-02 -3.151763064137915599e-02 -1.454284715529060440e-02
3.564878762363484638e-02 -3.285083970089639621e-02 -1.520248108693756511e-02
3.498933770223562612e-02 -3.413194452760337505e-02 -1.580914741797865078e-02
3.426183075827839153e-02 -3.537144375990203954e-02 -1.635893811346674290e-02
3.347133435166142756e-02 -3.656450238941140463e-02 -1.685900551415328921e-02
3.260905655879121207e-02 -3.768770357525609571e-02 -1.731643638003513980e-02
3.166651163223019316e-02 -3.872154377565328875e-02 -1.773243793450873795e-02
3.063640212314833883e-02 -3.965777057952834389e-02 -1.810303069837576953e-02
2.951581467961983743e-02 -4.050186507370568539e-02 -1.842424466158517141e-02
2.830410785730784126e-02 -4.126448568608570566e-02 -1.869600671364938377e-02
2.700647082561846712e-02 -4.196250094579742629e-02 -1.892134345630257231e-02
2.563201875978511624e-02 -4.261098505396114511e-02 -1.910877978195683197e-02
2.419147225579875576e-02 -4.322081277244738812e-02 -1.926928137525960039e-02
2.269778600727360290e-02 -4.380085518708351500e-02 -1.941474943650171175e-02
2.116185133009385044e-02 -4.435387032124947504e-02 -1.955749013870857617e-02
1.959423408633929886e-02 -4.488311382517703313e-02 -1.970669860309001362e-02
1.800604287169585080e-02 -4.539430279522861655e-02 -1.986947867996564226e-02
1.640649795683134585e-02 -4.589139072177009226e-02 -2.005180237602971483e-02
1.480947158983053624e-02 -4.638907545635141683e-02 -2.025489358678957477e-02
1.322636299078471314e-02 -4.689305558616203157e-02 -2.048480231373991933e-02
1.165939211021618099e-02 -4.739171827083542288e-02 -2.074603095423476276e-02
1.011401069640824324e-02 -4.787913590712231798e-02 -2.103492000400494777e-02
8.595530895933893578e-03 -4.835278182147229736e-02 -2.134496817166444543e-02
7.105866306381602125e-03 -4.880933997697058796e-02 -2.166886521301111812e-02
5.646438130566447562e-03 -4.924801895548398811e-02 -2.199810268811474082e-02
4.218968209206509778e-03 -4.967008875494004216e-02 -2.232443405204388720e-02
2.825322522805887027e-03 -5.007760917261733224e-02 -2.264066096824544211e-02
1.468013846639841784e-03 -5.047349338083835513e-02 -2.294093270949390181e-02
1.503511874850135821e-04 -5.086192280713924818e-02 -2.322090797089394060e-02
-1.124320492508357064e-03 -5.124693968390417464e-02 -2.347854430565914780e-02
-2.354535152892327319e-03 -5.162915170220389038e-02 -2.371429808444616358e-02
-3.539380837418417552e-03 -5.200937523894822584e-02 -2.392885944714227137e-02
-4.677370137443696320e-03 -5.239071858720928399e-02 -2.412357213265599667e-02
-5.767952638983732047e-03 -5.277613327593012882e-02 -2.430116759631772635e-02
-6.811124710734429641e-03 -5.316819655016907786e-02 -2.446526283078930344e-02
-7.807034421030586285e-03 -5.356908717940972453e-02 -2.461986504663176908e-02
-8.755896221322034476e-03 -5.398045387037452014e-02 -2.476902481004413653e-02
-9.658040353484630136e-03 -5.440330560793635306e-02 -2.491653628995175312e-02
-1.051397999400782018e-02 -5.483799023033079922e-02 -2.506567677285025109e-02
-1.132446403314581532e-02 -5.528423280195160494e-02 -2.521900805803194145e-02
-1.209049467008550469e-02 -5.574121750668684788e-02 -2.537824151355475705e-02
-1.281331672641788932e-02 -5.620767360709331972e-02 -2.554417718648637273e-02
-1.349438836638395742e-02 -5.668196849036973711e-02 -2.571670514522412035e-02
-1.413520946940871083e-02 -5.716249982011643860e-02 -2.589481005610785869e-02
-1.473735105123663916e-02 -5.764759530511092550e-02 -2.607687360983872854e-02
-1.530264761416687790e-02 -5.813522641737835922e-02 -2.626086231805299306e-02
-1.583326976312386669e-02 -5.862288367031737862e-02 -2.644446736199527331e-02
-1.633186139440152840e-02 -5.910751713858500289e-02 -2.662517168989766980e-02
-1.680106688507700813e-02 -5.958678739648588102e-02 -2.680007326005252183e-02
-1.724334837979089180e-02 -6.005938328975309048e-02 -2.696643917281586755e-02
-1.766078999915248610e-02 -6.052551429576917552e-02 -2.712189240404234980e-02
-1.805500811906537301e-02 -6.098636984895521029e-02 -2.726511535471167966e-02
-1.842804658323538361e-02 -6.144207527015516090e-02 -2.739616629397948616e-02
-1.878213171458248398e-02 -6.189204175263681579e-02 -2.751575597652566874e-02
-1.911930960754448100e-02 -6.233582800096346133e-02 -2.762490935392621430e-02
-1.944167440673814917e-02 -6.277311997620632633e-02 -2.772500333090723371e-02
-1.975144401145885117e-02 -6.320366054528880895e-02 -2.781771787873022622e-02
-2.005086585251647513e-02 -6.362724322025949120e-02 -2.790490162330783869e-02
-2.034222663279651455e-02 -6.404338847505312848e-02 -2.798850335510255985e-02
-2.062778236860562248e-02 -6.445132968167940901e-02 -2.807029840535206142e-02
-2.090944425216660282e-02 -6.485051586402956758e-02 -2.815165203031789326e-02
-2.118889716222511002e-02 -6.524031205039668158e-02 -2.823365802387810958e-02
-2.146763257187995350e-02 -6.562002703058431030e-02 -2.831699681489663334e-02
-2.174692337390747576e-02 -6.598882635800987218e-02 -2.840201185036906467e-02
-2.202808610843551979e-02 -6.634536936875883029e-02 -2.848869193682217887e-02
-2.231201032845115534e-02 -6.668890447219849582e-02 -2.857635470474116299e-02
-2.259906106606439369e-02 -6.701942744809258334e-02 -2.866405320358140704e-02
-2.288949119652958913e-02 -6.733698311240048084e-02 -2.875088969223092705e-02
-2.318336740245416014e-02 -6.764165697051750803e-02 -2.883600949125567081e-02
-2.348122285799458461e-02 -6.793215613832269406e-02 -2.891894019079978978e-02
-2.378375389120836181e-02 -6.820701980341256632e-02 -2.899872701117837959e-02
-2.409090824779046985e-02 -6.846640249641375298e-02 -2.907404278139949158e-02
-2.440253277751625038e-02 -6.871110533680785393e-02 -2.914394251942747927e-02
-2.471834962643082445e-02 -6.894236071540142674e-02 -2.920793761367870139e-02
-2.503772726651423697e-02 -6.916181931266354721e-02 -2.926602913948065862e-02
-2.535994160748514248e-02 -6.937086379494358801e-02 -2.931881757639315245e-02
-2.568426660531547209e-02 -6.957051306749446884e-02 -2.936724446619389667e-02
-2.600988548737143136e-02 -6.976172341529859877e-02 -2.941239169715416032e-02
-2.633601665952483434e-02 -6.994538161161201195e-02 -2.945543259460766533e-02
-2.666197847261526574e-02 -7.012228180789267795e-02 -2.949756586743802408e-02
-2.698717486273479252e-02 -7.029312934121581535e-02 -2.953992731973813929e-02
-2.731105379888515081e-02 -7.045854177232888094e-02 -2.958351183834198594e-02
-2.763307044009194469e-02 -7.061904391614286236e-02 -2.962911051744770291e-02
-2.795266146762838411e-02 -7.077506784432480158e-02 -2.967726867299165516e-02
-2.826924225107514677e-02 -7.092694824376657992e-02 -2.972826863701089756e-02
-2.858221739246866178e-02 -7.107492725681173462e-02 -2.978213016351824449e-02
-2.889098778445182286e-02 -7.121918945165971182e-02 -2.983862397521982318e-02
-2.919497191254919258e-02 -7.135987035910575094e-02 -2.989731552765807071e-02
-2.949362563424262618e-02 -7.149707285237202892e-02 -2.995760623094096547e-02
-2.978644514562244286e-02 -7.163089715146078729e-02 -3.001878465852869660e-02
-3.007297885564688342e-02 -7.176145198685754401e-02 -3.008008435379520840e-02
-3.035283159095410188e-02 -7.188886902219410180e-02 -3.014073945436120464e-02
-3.062567045107520217e-02 -7.201330721066603879e-02 -3.020003816497469559e-02
-3.089122426373117417e-02 -7.213496556572500384e-02 -3.025736443277288190e-02
-3.114928025545454782e-02 -7.225409096228020689e-02 -3.031223514265947092e-02
-3.139969061574429676e-02 -7.237095875171652148e-02 -3.036432963536175172e-02
-3.164236593049242485e-02 -7.248587264555031440e-02 -3.041349389962315353e-02
-3.187726783852317530e-02 -7.259915262128145697e-02 -3.045974146630160001e-02
-3.210440380793431331e-02 -7.271112312436017744e-02 -3.050323571868722439e-02
-3.232381482241705739e-02 -7.282210300252563162e-02 -3.054426738679208789e-02
-3.253557293479830692e-02 -7.293238218765153713e-02 -3.058322410729299654e-02
-3.273977583352612186e-02 -7.304220274895847909e-02 -3.062055365894209014e-02
-3.293653856679910896e-02 -7.315175610667934425e-02 -3.065672006376039122e-02
-3.312598734282213436e-02 -7.326117901543829913e-02 -3.069216888289681699e-02
-3.330827150189337449e-02 -7.337052271393823544e-02 -3.072730051351472286e-02
-3.348355799884928513e-02 -7.347976693811633653e-02 -3.076243085948344308e-02
-3.365201889192043216e-02 -7.358884732731182932e-02 -3.079777171446713632e-02
-3.381384321455316311e-02 -7.369764369155995531e-02 -3.083343138655104954e-02
-3.396924377913713988e-02 -7.380597737997174335e-02 -3.086941313963674494e-02
-3.411844917243310460e-02 -7.391363937281625329e-02 -3.090561483376556146e-02
-3.426170123559905967e-02 -7.402040895495008710e-02 -3.094184690970740864e-02
-3.439926049297852007e-02 -7.412605877175648672e-02 -3.097785676454627851e-02
-3.453140264063170317e-02 -7.423037142615060424e-02 -3.101335162631185111e-02
-3.465841967968898152e-02 -7.433314195667248270e-02 -3.104802805917045855e-02
-3.478061448328779309e-02 -7.443419599878475790e-02 -3.108159151998685435e-02
-3.489829209726651171e-02 -7.453340325566024105e-02 -3.111378248998381002e-02
-3.501176748445908316e-02 -7.463065907562801971e-02 -3.114440155401102667e-02
-3.512135769497680415e-02 -7.472589277855876122e-02 -3.117331519646239849e-02
-3.522736950112680121e-02 -7.481907935539910959e-02 -3.120046246270912968e-02
-3.533010427367953843e-02 -7.491021811597900482e-02 -3.122586362264710008e-02
-3.542985397229275746e-02 -7.499932858556265791e-02 -3.124961044642867933e-02
-3.552689130410256746e-02 -7.508645270311578579e-02 -3.127185566415554424e-02
-3.562147148863155366e-02 -7.517164003736230560e-02 -3.129280225331308729e-02
-3.571383044601564305e-02 -7.525493975201176522e-02 -3.131268589870321584e-02
-3.580418323344503051e-02 -7.533639367454723901e-02 -3.133175679245679690e-02
-3.589275316777135183e-02 -7.541596752268721338e-02 -3.135027491675563410e-02
-3.597974627400210568e-02 -7.549362106440880849e-02 -3.136844875822347722e-02
-3.606531228413288603e-02 -7.556937222084759986e-02 -3.138643579575941395e-02
-3.614958330447745616e-02 -7.564323379665260916e-02 -3.140436417873106179e-02
-3.623266949816418558e-02 -7.571520881248579304e-02 -3.142232318618982945e-02
-3.631465983654512397e-02 -7.578527841731673431e-02 -3.144036257074225849e-02
-3.639562050218696915e-02 -7.585342010821428949e-02 -3.145848222631593416e-02
-3.647559588786115914e-02 -7.591961434284516530e-02 -3.147664358896175296e-02
-3.655462401171964693e-02 -7.598383682785271598e-02 -3.149477734205493457e-02
-3.663273215168209862e-02 -7.604607525190229533e-02 -3.151278997751034983e-02
-3.670994414110942405e-02 -7.610632369081887783e-02 -3.153057796164117355e-02
-3.678628346834201396e-02 -7.616458290793423624e-02 -3.154803584363908425e-02
-3.686176679314456806e-02 -7.622087598056558055e-02 -3.156506166658062940e-02
-3.693640720158364310e-02 -7.627524130059276652e-02 -3.158157117393415453e-02
-3.701021439987704775e-02 -7.632773476354515196e-02 -3.159750084189085623e-02
-3.708319167523700666e-02 -7.637842867901600830e-02 -3.161281505598494135e-02
-3.715533889727289096e-02 -7.642740621924505595e-02 -3.162750678105527569e-02
-3.722664741222170282e-02 -7.647476563370325664e-02 -3.164159630297080916e-02
-3.729710356464003423e-02 -7.652060999136113539e-02 -3.165513125286059659e-02
-3.736668876717953724e-02 -7.656504377012500473e-02 -3.166818024933338444e-02
-3.743537877552551713e-02 -7.660816979488041523e-02 -3.168082686111364787e-02
-3.750314539745489006e-02 -7.665008470837332555e-02 -3.169316227906893157e-02
-3.756995626623554213e-02 -7.669087785706239779e-02 -3.170527770310859611e-02
-3.763577287661203086e-02 -7.673063584458514330e-02 -3.171725628253987961e-02
-3.770055730186699927e-02 -7.676942686820140138e-02 -3.172917355858075050e-02
-3.776425036466547064e-02 -7.680735428665572129e-02 -3.174107501035103307e-02
-3.782678367777073808e-02 -7.684451417477711210e-02 -3.175300774242884039e-02
-3.788811755123721453e-02 -7.688093716551808177e-02 -3.176501250558311923e-02
-3.794821309339341253e-02 -7.691663718305397079e-02 -3.177709969134216716e-02
-3.800703411198375070e-02 -7.695162467010902008e-02 -3.178925157249851141e-02
-3.806455301307104522e-02 -7.698590888557653444e-02 -3.180142967185272534e-02
-3.812075685150753679e-02 -7.701948752676776588e-02 -3.181358364268650762e-02
-3.817563908705943337e-02 -7.705236491138876820e-02 -3.182564779204150041e-02
-3.822919346852650391e-02 -7.708455636292564639e-02 -3.183755266891791919e-02
-3.828142178227310344e-02 -7.711607496243993998e-02 -3.184923276035363238e-02
-3.833232829257886970e-02 -7.714693792084592605e-02 -3.186062836358367900e-02
-3.838191924858370963e-02 -7.717716766366558567e-02 -3.187168963829947049e-02
-3.843020579999328196e-02 -7.720678643181998202e-02 -3.188238130800290226e-02
-3.847719992553871871e-02 -7.723582654883237586e-02 -3.189267996322935061e-02
-3.852291566853432991e-02 -7.726432321930251645e-02 -3.190258066788576735e-02
-3.856737473377192665e-02 -7.729230500725445263e-02 -3.191209459728313463e-02
-3.861059765276785016e-02 -7.731980671843792507e-02 -3.192124289300229956e-02
-3.865260615497262409e-02 -7.734686232764020897e-02 -3.193005849420930270e-02
-3.869342665303213136e-02 -7.737349749955403644e-02 -3.193858278967819098e-02
-3.873308767098856964e-02 -7.739973154530824240e-02 -3.194686007721503351e-02
-3.877161751761265540e-02 -7.742558226385648501e-02 -3.195493264594947980e-02
-3.880904480499280246e-02 -7.745106368820041387e-02 -3.196284037970818087e-02
-3.884540116825695860e-02 -7.747618092772518006e-02 -3.197061861593244320e-02
-3.888071907392817023e-02 -7.750093339714307639e-02 -3.197829435514287083e-02
-3.891503100461947418e-02 -7.752531668234577400e-02 -3.198588509195220142e-02
-3.894836946344461259e-02 -7.754932376954207229e-02 -3.199339863188950528e-02
-3.898076810710138923e-02 -7.757294295597247369e-02 -3.200083462218438618e-02
-3.901226114122610666e-02 -7.759616070649248687e-02 -3.200818389116662221e-02
-3.904288048809988892e-02 -7.761896755705384454e-02 -3.201542985095796878e-02
-3.907265978821056196e-02 -7.764135066166677479e-02 -3.202255381526315781e-02
-3.910163568008023088e-02 -7.766329308616334859e-02 -3.202953468133626358e-02
-3.912984130027496316e-02 -7.768478730539005173e-02 -3.203634769672267929e-02
-3.915730721863013020e-02 -7.770583342329485943e-02 -3.204297095708856513e-02
-3.918406958149990571e-02 -7.772642283301728350e-02 -3.204939065623998301e-02
-3.921016308182848076e-02 -7.774655330300725420e-02 -3.205559357902067197e-02
-3.923561866799039205e-02 -7.776622919709368087e-02 -3.206157305623694165e-02
-3.926046943138669643e-02 -7.778545435940723007e-02 -3.206732907520873366e-02
-3.928474710760535699e-02 -7.780423414178797015e-02 -3.207286810709052138e-02
-3.930848026898308561e-02 -7.782258060175281655e-02 -3.207819993699907030e-02
-3.933169621157452805e-02 -7.784050400189297669e-02 -3.208334211883331899e-02
-3.935442255323440275e-02 -7.785801266053470060e-02 -3.208831440576487976e-02
-3.937668056763522079e-02 -7.787512152007672328e-02 -3.209313738295307278e-02
-3.939849490756951872e-02 -7.789183344995631586e-02 -3.209783619422963696e-02
-3.941988424402303320e-02 -7.790816119521801197e-02 -3.210242855151416996e-02
-3.944086312817008527e-02 -7.792411599059399785e-02 -3.210693492900315582e-02
-3.946144914248464475e-02 -7.793970227514213089e-02 -3.211137188678797605e-02
-3.948165466463612189e-02 -7.795492559592678838e-02 -3.211575243393059720e-02
-3.950149327488751416e-02 -7.796978659479689155e-02 -3.212008485193230956e-02
-3.952097463958196416e-02 -7.798428945321875250e-02 -3.212437171312526596e-02
-3.954010737995546088e-02 -7.799843821493640528e-02 -3.212861215892937744e-02
-3.955890069353358574e-02 -7.801223348518358802e-02 -3.213280302148179002e-02
-3.957736108426853500e-02 -7.802568029702494634e-02 -3.213693633780193015e-02
-3.959549369627594212e-02 -7.803878381212918380e-02 -3.214100426326275267e-02
-3.961330616326717846e-02 -7.805154485514775864e-02 -3.214499864396237749e-02
-3.963080394779287807e-02 -7.806396810582236223e-02 -3.214890966004854689e-02
-3.964799166021291954e-02 -7.807606070538999909e-02 -3.215272846825172059e-02
-3.966487264535655671e-02 -7.808783402934048323e-02 -3.215644755809011351e-02
-3.968145152324145664e-02 -7.809929623618919181e-02 -3.216006424524314039e-02
-3.969773211172693272e-02 -7.811045868404600800e-02 -3.216357613841960839e-02
-3.971371783332060951e-02 -7.812133087537442844e-02 -3.216698565065630872e-02
-3.972941151357637507e-02 -7.813192643992489250e-02 -3.217029462519689631e-02
-3.974481208600190441e-02 -7.814226370172659697e-02 -3.217350878561152372e-02
-3.975992421156124279e-02 -7.815234983643032374e-02 -3.217663858648645708e-02
-3.977474988699507968e-02 -7.816219622822245805e-02 -3.217969181637306969e-02
-3.978928911489183762e-02 -7.817181563815728262e-02 -3.218267749174767711e-02
-3.980354206959145491e-02 -7.818122164734822577e-02 -3.218560387262135725e-02
-3.981751140785425719e-02 -7.819041901963302843e-02 -3.218848207519905968e-02
-3.983120184722614698e-02 -7.819940956660617615e-02 -3.219131846777187334e-02
-3.984461173183873051e-02 -7.820820537187928023e-02 -3.219411517485275265e-02
-3.985774172970056595e-02 -7.821681414596695636e-02 -3.219687571687604444e-02
-3.987059272897319762e-02 -7.822524308908145041e-02 -3.219960136036061071e-02
-3.988316656608652255e-02 -7.823349406358801050e-02 -3.220229365874807681e-02
-3.989546428021423230e-02 -7.824157201003417716e-02 -3.220494933173265184e-02
-3.990748394206466987e-02 -7.824948575484755309e-02 -3.220756511556760460e-02
-3.991923125182578191e-02 -7.825723035844302233e-02 -3.221014049023368520e-02
-3.993071077804879326e-02 -7.826480527252482888e-02 -3.221266934560634843e-02
-3.994192193286783682e-02 -7.827222065475147872e-02 -3.221514427633245803e-02
-3.995286754639541804e-02 -7.827948241168150578e-02 -3.221756202123647606e-02
-3.996355307988837258e-02 -7.828659174583672831e-02 -3.221992086339384165e-02
-3.997398257323362541e-02 -7.829355230907408814e-02 -3.222221820142594922e-02
-3.998416063129464626e-02 -7.830036670851342473e-02 -3.222445318549750637e-02
-3.999409409773145574e-02 -7.830703515298330364e-02 -3.222662576547741242e-02
-4.000378757620740022e-02 -7.831356379541598578e-02 -3.222873489890193399e-02
-4.001324378908598101e-02 -7.831996315983533186e-02 -3.223078146668310884e-02
-4.002246700850426581e-02 -7.832624044081615278e-02 -3.223276992516181660e-02
-4.003146387676767559e-02 -7.833239631337003683e-02 -3.223470662701659328e-02
-4.004023991117799941e-02 -7.833843290562994555e-02 -3.223659572492153236e-02
-4.004880045273424838e-02 -7.834435170357795242e-02 -3.223844177548301076e-02
-4.005715158178424495e-02 -7.835015491501881590e-02 -3.224024783073708295e-02
-4.006529880595550985e-02 -7.835584505801362898e-02 -3.224201725961629156e-02
-4.007324754762084384e-02 -7.836142582923925903e-02 -3.224375206270512634e-02
-4.008100260686472960e-02 -7.836689983089631384e-02 -3.224545507125865101e-02
-4.008857028696000135e-02 -7.837226648167222587e-02 -3.224712827021472550e-02
-4.009595463568787349e-02 -7.837752820529675368e-02 -3.224877175393130180e-02
-4.010316052743641280e-02 -7.838268520548496987e-02 -3.225038609355371927e-02
-4.011019519911458719e-02 -7.838773324226991357e-02 -3.225197154008221240e-02
-4.011706237739033620e-02 -7.839267617078804484e-02 -3.225352448115128418e-02
-4.012376525429272450e-02 -7.839751773683496794e-02 -3.225504398926606203e-02
-4.013031130414188019e-02 -7.840225458171352912e-02 -3.225653026575424354e-02
-4.013670435519613167e-02 -7.840688976258887444e-02 -3.225798073443277708e-02
-4.014294841440443906e-02 -7.841142488215821493e-02 -3.225939510787532993e-02
-4.014905045360883662e-02 -7.841585706232863384e-02 -3.226077357304783788e-02
-4.015501435012580611e-02 -7.842018951005312599e-02 -3.226211434286457846e-02
-4.016084415703548294e-02 -7.842442478875183420e-02 -3.226341785356253572e-02
-4.016654553602480582e-02 -7.842856331323673491e-02 -3.226468513466379529e-02
-4.017212165939247626e-02 -7.843260953131078739e-02 -3.226591662974222230e-02
-4.017757707992974242e-02 -7.843656406605920006e-02 -3.226711514726841867e-02
-4.018291706232555993e-02 -7.844042661623437662e-02 -3.226828254352730879e-02
-4.018814316221640259e-02 -7.844420335088458929e-02 -3.226941937227739698e-02
-4.019325939577853002e-02 -7.844789461099302419e-02 -3.227052943155453435e-02
-4.019827013904014174e-02 -7.845150099312396541e-02 -3.227161442210217668e-02
-4.020317484663298024e-02 -7.845503091252638284e-02 -3.227267491339246008e-02
-4.020797727105782093e-02 -7.845848314635849030e-02 -3.227371558046365774e-02
-4.021268237193681427e-02 -7.846185478268917490e-02 -3.227473814031768529e-02
-4.021729132532207013e-02 -7.846514849829752669e-02 -3.227574243012697186e-02
-4.022180506039031017e-02 -7.846836915846595872e-02 -3.227672800735262304e-02
-4.022622505279837418e-02 -7.847151951428293915e-02 -3.227769626281913606e-02
-4.023055456957587428e-02 -7.847459845976242909e-02 -3.227864844393883714e-02
-4.023479633040449172e-02 -7.847760453887321630e-02 -3.227958468985624163e-02
-4.023895148553138790e-02 -7.848054027902606755e-02 -3.228050313516342418e-02
-4.024302150535020300e-02 -7.848340716581980736e-02 -3.228140350260450681e-02
-4.024701075220449981e-02 -7.848620203204369206e-02 -3.228228579741906912e-02
-4.025091968920034569e-02 -7.848892968975827722e-02 -3.228314702733049019e-02
-4.025474894598356224e-02 -7.849159323926804821e-02 -3.228398731726713627e-02
-4.025850124828193183e-02 -7.849419304455848567e-02 -3.228480671554982695e-02
-4.026217485906281174e-02 -7.849673665193095118e-02 -3.228560410942945408e-02
-4.026577244065083355e-02 -7.849922127496600233e-02 -3.228638306416939385e-02
-4.026929718183974022e-02 -7.850164534955050843e-02 -3.228714331788806041e-02
-4.027274881318541194e-02 -7.850401197581678703e-02 -3.228788481494068718e-02
-4.027612892631811381e-02 -7.850632383991425212e-02 -3.228860754639478747e-02
-4.027943690463246795e-02 -7.850858693556261869e-02 -3.228931216420979911e-02
-4.028267527717035307e-02 -7.851080020612004329e-02 -3.229000181495174371e-02
-4.028584534924947724e-02 -7.851296501569107744e-02 -3.229067699716496598e-02
-4.028894799767156892e-02 -7.851508146649650854e-02 -3.229133941129024021e-02
-4.029198583937700778e-02 -7.851714845620266781e-02 -3.229198934736207671e-02
-4.029495810308793974e-02 -7.851917103504482687e-02 -3.229262590863275773e-02
-4.029786433406133683e-02 -7.852115404802990917e-02 -3.229324966169618005e-02
