6.131363783290112723e-02 -6.552692736269544183e-03 -3.097397299185603373e-02
7.611911718372627034e-02 8.438265746253793831e-02 -1.279389580450896735e-01
1.155767272310256055e-01 1.023332286014322634e-01 -9.296513912204651398e-02
9.402730668551942395e-02 1.074206116759806595e-01 -4.447790633803047622e-02
5.594574949683431275e-02 1.062742852156480788e-01 4.757253015556794917e-05
3.059031771703764335e-02 1.029799373525091682e-01 3.549432893841168030e-02
2.840907219342929391e-02 9.652330636986708456e-02 5.749008919352829872e-02
4.509568264729520159e-02 8.742249122767430103e-02 6.424664467736942997e-02
7.146913767931852013e-02 7.759210502728669523e-02 5.795998549176878401e-02
9.994117211623168573e-02 6.893532684966179047e-02 4.315564073509125381e-02
1.257490496095011734e-01 6.354522034477046166e-02 2.470150937585091633e-02
1.466864361573576581e-01 6.262608625562054998e-02 7.065546492125423551e-03
1.622341600521142180e-01 6.588944759764076009e-02 -6.387165254759900011e-03
1.722494920896865955e-01 7.246288855217816738e-02 -1.390591410996287573e-02
1.767133688360889021e-01 8.098548613283050590e-02 -1.505305818766866990e-02
1.758948365471466879e-01 8.982723370943782037e-02 -1.047125103146241860e-02
1.703333520327089123e-01 9.761549124887250461e-02 -1.549964717794886059e-03
1.609450913715455567e-01 1.034441063350131362e-01 9.942198509576564286e-03
1.491308416188754926e-01 1.065314606726508184e-01 2.229194514127171012e-02
1.365252629298842613e-01 1.064520713050342016e-01 3.381526502672532741e-02
1.244264238664445632e-01 1.036347576375776514e-01 4.300043494726778909e-02
1.137532691555839109e-01 9.897954775291989415e-02 4.883159378502001380e-02
1.050442384556208725e-01 9.341514689614163758e-02 5.091690427254119689e-02
9.849039248755825371e-02 8.760531037481913974e-02 4.943015048269981671e-02
9.396329389917287833e-02 8.198402881620929505e-02 4.492324639772481143e-02
9.108422952956951590e-02 7.688839783388118354e-02 3.818392089075013651e-02
8.936292307824916792e-02 7.260910000915980766e-02 3.013293056874628145e-02
8.830536627579355091e-02 6.938721315873208617e-02 2.173585333375712553e-02
8.750054916776195402e-02 6.734421250765454392e-02 1.391386669900022618e-02
8.666400223194942187e-02 6.642385224477369288e-02 7.445960412344063140e-03
8.562007469380923663e-02 6.644503575303203902e-02 2.866786142112720537e-03
8.428169847295280404e-02 6.714819571671440390e-02 4.393355212887880765e-04
8.262857235042719850e-02 6.826805016904397005e-02 1.518672544725610529e-04
8.067348568379452411e-02 6.958416398562450311e-02 1.775445646021172816e-03
7.847535251161846803e-02 7.088226839791966771e-02 4.939867721030201386e-03
7.612015588121431864e-02 7.196273898667403246e-02 9.184178505152986588e-03
7.369102784222679448e-02 7.267897169185959239e-02 1.400255123387786349e-02
7.126375258002692892e-02 7.293288325819247131e-02 1.890416215671385236e-02
6.891283415863978801e-02 7.265809443546372703e-02 2.345386104240832631e-02
6.669314765781353405e-02 7.184687080458672381e-02 2.729063701811361778e-02
6.463605159509282216e-02 7.054679493377866151e-02 3.015413614916119880e-02
6.276076687945220112e-02 6.883274233473331283e-02 3.189778248389127380e-02
6.107849879837225215e-02 6.678755467545480218e-02 3.248517665784094594e-02
5.958369182633779793e-02 6.451960003983944758e-02 3.196788440496969863e-02
5.825344568164027986e-02 6.215856734494137892e-02 3.047872831706342767e-02
5.706384847472932564e-02 5.982720609752648078e-02 2.821739921152190828e-02
5.600008880391590255e-02 5.761286250212217797e-02 2.543110322973176490e-02
5.504860520172075167e-02 5.558975477628066292e-02 2.237435494882656500e-02
5.418616105881384620e-02 5.383445562788731487e-02 1.929443202718202771e-02
5.339586962321066915e-02 5.239920322161788213e-02 1.642218623669983862e-02
5.267272048083111724e-02 5.129117676073412929e-02 1.395899851666470605e-02
5.201243231412822077e-02 5.049707182849558912e-02 1.205018098105759862e-02
5.140108422978273417e-02 4.999925066417634789e-02 1.078402982798784548e-02
5.082826639011332748e-02 4.975795239834827910e-02 1.019678932035595308e-02
5.028260134261131054e-02 4.972007280923791683e-02 1.027120102067469350e-02
4.975012812878817914e-02 4.982505741242854169e-02 1.094239956171593441e-02
4.921681833475143042e-02 5.000720968396932947e-02 1.210702071221583798e-02
4.866728195604960033e-02 5.020575967693428898e-02 1.363228425334315347e-02
4.808626996276336996e-02 5.036784859218901983e-02 1.537012018466630756e-02
4.746354108206819744e-02 5.044517909615905266e-02 1.717032929208319944e-02
4.679331517695936582e-02 5.039946467743471048e-02 1.888933999068453939e-02
4.607451932312581211e-02 5.020462537029832251e-02 2.040038636800814431e-02
4.531213796835676516e-02 4.984694401149885462e-02 2.160104189648482872e-02
4.451917377471093645e-02 4.931950783137342698e-02 2.242009223425263376e-02
4.371656104733148002e-02 4.862173719681363304e-02 2.281741037395153965e-02
4.292710644907230672e-02 4.776717926279626381e-02 2.278231109529978496e-02
4.216909604016829544e-02 4.679254393530808687e-02 2.233158890164765181e-02
4.145503391740604227e-02 4.575054357469041100e-02 2.151252758813870097e-02
4.079482158776834982e-02 4.469504078741343145e-02 2.039975147752780965e-02
4.019276913904176740e-02 4.367733298118858104e-02 1.908619797367474419e-02
3.964709896659241589e-02 4.274294594304545170e-02 1.767424769721212541e-02
3.915330644698782059e-02 4.192422565267555495e-02 1.626833710322696247e-02
3.870578321315633341e-02 4.123956089073205211e-02 1.496482871470357703e-02
3.829528325033972752e-02 4.070044301254274743e-02 1.384369137467446331e-02
3.791053588462170443e-02 4.031038313726245659e-02 1.296590505328524059e-02
3.754073802043460251e-02 4.006178579634386144e-02 1.237115556926051546e-02
3.717528702917148598e-02 3.993736751352070652e-02 1.207566002217461826e-02
3.680399483263498139e-02 3.991227506512688705e-02 1.207223042829323051e-02
3.641800235037298550e-02 3.995616129126312865e-02 1.233240665390570971e-02
3.601264262885948281e-02 4.003136201630705382e-02 1.281092416233579716e-02
3.558656686836118160e-02 4.009997085508450881e-02 1.344743520069103734e-02
3.513858959556913353e-02 4.013259209636858837e-02 1.417214776225825257e-02
3.466983164956287389e-02 4.010645957253211602e-02 1.491421827974942667e-02
3.418419758588261970e-02 4.000425569325469222e-02 1.560743949538475131e-02
3.368716703750696678e-02 3.981510587258833833e-02 1.619422410232666809e-02
3.318508212991278655e-02 3.953518886478910033e-02 1.662897462277638377e-02
3.268482460125594208e-02 3.916763032370200459e-02 1.688059932254585421e-02
3.219350864760787967e-02 3.872189149458993285e-02 1.693381389825093439e-02
3.171803915212555169e-02 3.821274961731221248e-02 1.678921163230474162e-02
3.126432516557287045e-02 3.765955840518689368e-02 1.646200036976687084e-02
3.083709857237907498e-02 3.708376937885545649e-02 1.598034223757903091e-02
3.043972250685300987e-02 3.650703381976660999e-02 1.538209807014511224e-02
3.007374267804286197e-02 3.594965700800362152e-02 1.471137556807151220e-02
2.973909231962426625e-02 3.542896871894916228e-02 1.401468725991970518e-02
2.943397982873227625e-02 3.495858491469479301e-02 1.333726149461634397e-02
2.915517662341256949e-02 3.454770164260355381e-02 1.271977699799600216e-02
2.889818379880917942e-02 3.420100098044227127e-02 1.219567157850689337e-02
2.865761779491162245e-02 3.391856186533550449e-02 1.178928835519741508e-02
2.842760507271899217e-02 3.369615592120883685e-02 1.151473218052776262e-02
2.820228477928416605e-02 3.352557689532213031e-02 1.137563633187759632e-02
2.797629912294019583e-02 3.339539063464128099e-02 1.136553061781513455e-02
2.774585367305881095e-02 3.329043497494540288e-02 1.146932138898101167e-02
2.750833015608718582e-02 3.319500948904949983e-02 1.166382708702221570e-02
2.726353414150423093e-02 3.309110349923830019e-02 1.192141645363575982e-02
2.701801800738544423e-02 3.295190298267364204e-02 1.221242614354225292e-02
2.677831382203605531e-02 3.275813763034149395e-02 1.250116818732896137e-02
2.654716965593644298e-02 3.250415226070524355e-02 1.275244856413217109e-02
2.632891935034187281e-02 3.218820190434516088e-02 1.293773583247316561e-02
2.612779131861835483e-02 3.181168090226555584e-02 1.303604314847827197e-02
2.594656074685363148e-02 3.137938428152778347e-02 1.303417403182209958e-02
2.578633794374828730e-02 3.089939696997429097e-02 1.292705544291834936e-02
2.564786630745972268e-02 3.038049889762739139e-02 1.271809684620132594e-02
2.553147885876590195e-02 2.983270716286922503e-02 1.241739214225457202e-02
2.543587856080815890e-02 2.926902938145789848e-02 1.204044228285772004e-02
2.535892342442756103e-02 2.870328707390329762e-02 1.160763075877787286e-02
2.529806618860579170e-02 2.814802222770841980e-02 1.114260528236462981e-02
2.525053768626911443e-02 2.761282158460178632e-02 1.067023740930698322e-02
2.521498987299053418e-02 2.710052770893507310e-02 1.021491101314189742e-02
2.519091699391776129e-02 2.660965310280131307e-02 9.796653414473529067e-03
2.517816787529836287e-02 2.613565462388552432e-02 9.430269258415606426e-03
2.517844733835405968e-02 2.566984997060732521e-02 9.124589753206921103e-03
2.519483079264034364e-02 2.520035349625895579e-02 8.881955165557000806e-03
2.522949913709562550e-02 2.471758096673274882e-02 8.696997739986693163e-03
2.528288349814961783e-02 2.421483902209217026e-02 8.559487128476501311e-03
2.535547041397577528e-02 2.368515881125261152e-02 8.456212848581690436e-03
2.544767942871508509e-02 2.312023774323114511e-02 8.372186393721959760e-03
2.556073045922448161e-02 2.250959682114234139e-02 8.291131082439557112e-03
2.569653544011913857e-02 2.184207548935662019e-02 8.195907641957355869e-03
2.585778476418762462e-02 2.110755002704436251e-02 8.069286215194971384e-03
2.604752757248572290e-02 2.029879562247816766e-02 7.895097719257084673e-03
2.626772495053059098e-02 1.941454783781343049e-02 7.659139600026171682e-03
2.652609013420419160e-02 1.844281208294168417e-02 7.355050900323342918e-03
2.683180064475682372e-02 1.737327414427552660e-02 6.974850033471763008e-03
2.718699089910436156e-02 1.620917489058090744e-02 6.511820807675199052e-03
2.759532334745255777e-02 1.495355799728716531e-02 5.965386195210802857e-03
2.806000841364123324e-02 1.360955449049251233e-02 5.339340474083823992e-03
2.858258370072300214e-02 1.218069578217211013e-02 4.640563411361155535e-03
2.915937693195871927e-02 1.067862989950650598e-02 3.876428998851461083e-03
2.978225769431957007e-02 9.119753195763937587e-03 3.058287391157445221e-03
3.043616979569693098e-02 7.532207701303294048e-03 2.198124013292004734e-03
3.110171858764979730e-02 5.944134368687445380e-03 1.315440259271857858e-03
3.176676903783903078e-02 4.363562336157870286e-03 4.351827770756944765e-04
3.242221996748048674e-02 2.786619051116281942e-03 -4.211535623656932495e-04
3.305054670324281130e-02 1.228271319631493545e-03 -1.244306426556526140e-03
3.363992860064502627e-02 -3.092461356616680972e-04 -2.018916592523466863e-03
3.419387862324251709e-02 -1.845440171566881636e-03 -2.734778856476502776e-03
3.470506783848716081e-02 -3.377320971584872513e-03 -3.396276184087463311e-03
3.515966953876339951e-02 -4.885430020641167229e-03 -4.010464454226876641e-03
3.554826050475344557e-02 -6.358287888824963943e-03 -4.578687994792524953e-03
3.587118219446727707e-02 -7.808064265950282606e-03 -5.099174154799327591e-03
3.613490428058566822e-02 -9.261574440415963963e-03 -5.576434529990228692e-03
3.634496640228453146e-02 -1.073970997304248866e-02 -6.025313855395468023e-03
3.652836410489434388e-02 -1.230096929118279676e-02 -6.454702933457089065e-03
3.671341338698707463e-02 -1.398384194422621837e-02 -6.897767601207246274e-03
3.690634905953554812e-02 -1.578033521088904531e-02 -7.391227622858558347e-03
3.710504189943475417e-02 -1.765124436469949279e-02 -7.967149469676190060e-03
3.728468534103315801e-02 -1.952583498214888885e-02 -8.640341565598902082e-03
3.743076807234126113e-02 -2.137575340432027599e-02 -9.394333131493435435e-03
3.752967161858317136e-02 -2.319141123025286050e-02 -1.021062690915399730e-02
3.754737180505381133e-02 -2.493523625265156585e-02 -1.107548919731988699e-02
3.745681301029102350e-02 -2.658072168066489410e-02 -1.196153764728112752e-02
3.724647443613175735e-02 -2.812124602259315209e-02 -1.283687232644473673e-02
3.691763082573593091e-02 -2.957247773584487441e-02 -1.366884846950141078e-02
3.648434531365142564e-02 -3.096363328714477753e-02 -1.443591973309811365e-02
3.595645496127600205e-02 -3.230529964656820435e-02 -1.513228712197235010e-02
3.533922148317074352e-02 -3.358911802985797140e-02 -1.575920980219945589e-02
3.464353349539594368e-02 -3.481746429490394090e-02 -1.631370469437071202e-02
3.388394801702827169e-02 -3.600362215662351179e-02 -1.679735713971010694e-02
3.306129504487616971e-02 -3.714162665987007228e-02 -1.722215251237275632e-02
3.216272657212398273e-02 -3.820308586474629314e-02 -1.760175940203792880e-02
3.117906355206051874e-02 -3.917379447510439816e-02 -1.793765430710530032e-02
3.010759091016997069e-02 -4.005616586760110676e-02 -1.822984627028596816e-02
2.894406291334968712e-02 -4.085588116837904349e-02 -1.848060877188443391e-02
2.769019189317480784e-02 -4.158635218962477426e-02 -1.869404063279480471e-02
2.635294976212019386e-02 -4.226388316981066762e-02 -1.887715545986405272e-02
2.494244536212934099e-02 -4.290135333632218162e-02 -1.904060430419080713e-02
2.347097860173334369e-02 -4.350872861543425563e-02 -1.919544541505413537e-02
2.195049170561551993e-02 -4.408935469913859151e-02 -1.935357508268670951e-02
2.039143615835608409e-02 -4.464369565098363218e-02 -1.952351721720575056e-02
1.880601201508365003e-02 -4.517633387871422546e-02 -1.971030269893869757e-02
1.720476476726814918e-02 -4.569116382919258951e-02 -1.991764960419968589e-02
1.559968727101568309e-02 -4.619699521466708036e-02 -2.014616418298940254e-02
1.400411664050610003e-02 -4.670415281737143320e-02 -2.039664587127835993e-02
1.242518012117312109e-02 -4.720928910561705827e-02 -2.067220432861632817e-02
1.086649896547559058e-02 -4.770262299375815224e-02 -2.097154816877462927e-02
9.333685817755671757e-03 -4.818046331904050211e-02 -2.128785083086357638e-02
7.830034160051600051e-03 -4.863966201822076535e-02 -2.161374614358305482e-02
6.356444307300719750e-03 -4.907812941540569407e-02 -2.194101968060357954e-02
4.914481247075011550e-03 -4.949753638394208816e-02 -2.226152033167766442e-02
3.505463244732939538e-03 -4.990041526586341813e-02 -2.256866469610875614e-02
2.131203693151628893e-03 -5.029014766668511716e-02 -2.285747787718181434e-02
7.942249879207140435e-04 -5.067074207646959233e-02 -2.312480143778052749e-02
-5.018394800772470708e-04 -5.104807861383520856e-02 -2.336901321755611646e-02
-1.754586968517929738e-03 -5.142479852590703393e-02 -2.359179216814696542e-02
-2.963379582286708360e-03 -5.180103437820579582e-02 -2.379556528768713222e-02
-4.126568884641038104e-03 -5.217939061969018022e-02 -2.398258728829500211e-02
-5.243028799466147201e-03 -5.256290327154540531e-02 -2.415600121801876263e-02
-6.312390233565928072e-03 -5.295408769779919034e-02 -2.431965931729919428e-02
-7.334560549789511177e-03 -5.335493888478597124e-02 -2.447755304503728205e-02
-8.309519608374340074e-03 -5.376687924882878750e-02 -2.463343002284333616e-02
-9.237342471498962218e-03 -5.419066410632859820e-02 -2.479053226109922958e-02
-1.011827665545114545e-02 -5.462637642037541236e-02 -2.495139075759739491e-02
-1.095282197183955475e-02 -5.507347509027075982e-02 -2.511770335087054606e-02
-1.174177883152391182e-02 -5.553089901646898752e-02 -2.529027321898639352e-02
-1.248624479985097936e-02 -5.599720084634484535e-02 -2.546902037276044944e-02
-1.318759320883034630e-02 -5.647065912568902807e-02 -2.565305670972261448e-02
-1.384737398352904950e-02 -5.694951003951365109e-02 -2.584078321531503575e-02
-1.446719496058061251e-02 -5.743217983213440292e-02 -2.603008112934299817e-02
-1.504886439836262274e-02 -5.791696102129030577e-02 -2.621866449624992226e-02
-1.559444987643810246e-02 -5.840197267100941114e-02 -2.640416547072452561e-02
-1.610654845548931124e-02 -5.888455757432163595e-02 -2.658443484247951030e-02
-1.658804562047148240e-02 -5.936219717471880042e-02 -2.675713506250882584e-02
-1.704151679965500849e-02 -5.983359789136565715e-02 -2.691999824114613832e-02
-1.746958546722143790e-02 -6.029808635836319403e-02 -2.707136422153910357e-02
-1.787402348792749979e-02 -6.075720237632464826e-02 -2.720991900266787195e-02
-1.825641780037005890e-02 -6.121234563345750307e-02 -2.733600789074922682e-02
-1.861916043342466687e-02 -6.166308232321625338e-02 -2.745104076473112512e-02
-1.896429868236044688e-02 -6.210898689904369163e-02 -2.755659059466625954e-02
-1.929379684421921731e-02 -6.254970059399865556e-02 -2.765440304586513215e-02
-1.960974198784856681e-02 -6.298485042981634419e-02 -2.774637543095170508e-02
-1.991430859769179745e-02 -6.341404472765169165e-02 -2.783443480365646247e-02
-2.020965067701630674e-02 -6.383685282518973547e-02 -2.792040914698504239e-02
-2.049805406625204371e-02 -6.425221723367270654e-02 -2.800602752948944466e-02
-2.078162091927023697e-02 -6.465911497740584046e-02 -2.809241808198957926e-02
-2.106198920177816680e-02 -6.505689614449611247e-02 -2.818023662631354009e-02
-2.134076883018127743e-02 -6.544457872132847243e-02 -2.826984939643923528e-02
-2.161924471518830021e-02 -6.582141981633785055e-02 -2.836110171358756371e-02
-2.189877126180330216e-02 -6.618595757057149642e-02 -2.845375271621494728e-02
-2.218060767267632932e-02 -6.653685029227308922e-02 -2.854689469643257801e-02
-2.246524597169328313e-02 -6.687396372157827784e-02 -2.863921690922393432e-02
-2.275306174315252367e-02 -6.719736583236532446e-02 -2.872955301944862816e-02
-2.304428313531241279e-02 -6.750719998312024184e-02 -2.881691400334083358e-02
-2.333918414964959720e-02 -6.780314287653202432e-02 -2.890061324273927867e-02
-2.363850647458944423e-02 -6.808373718028404298e-02 -2.898019107180699327e-02
-2.394268412384020078e-02 -6.834840152650072109e-02 -2.905467094698818004e-02
-2.425151925281031698e-02 -6.859800015174366550e-02 -2.912317021857082147e-02
-2.456491482055862124e-02 -6.883357041584256542e-02 -2.918540265636972511e-02
-2.488238468614659832e-02 -6.905684809342980957e-02 -2.924143799195300791e-02
-2.520316678386535711e-02 -6.926957893670718236e-02 -2.929200266692827404e-02
-2.552659518377102879e-02 -6.947290070622057223e-02 -2.933827437398869864e-02
-2.585185559060162314e-02 -6.966781266061475297e-02 -2.938154421558923299e-02
-2.617810364376053564e-02 -6.985522252793116560e-02 -2.942313440693649154e-02
-2.650457016887207071e-02 -7.003592721650726827e-02 -2.946434124014036399e-02
-2.683059017450777767e-02 -7.021059000145565832e-02 -2.950635691693571927e-02
-2.715556775360164488e-02 -7.037975900138215835e-02 -2.955018138376616296e-02
-2.747892506940501425e-02 -7.054389606243913202e-02 -2.959655930606621896e-02
-2.780008064787757582e-02 -7.070336761519209479e-02 -2.964595387370341784e-02
-2.811844464799654122e-02 -7.085843816602668821e-02 -2.969853588177120973e-02
-2.843341360699340806e-02 -7.100929892316974745e-02 -2.975418892793738751e-02
-2.874438127733734000e-02 -7.115609174731302167e-02 -2.981254416900854659e-02
-2.905075936121003649e-02 -7.129892658681954987e-02 -2.987302977920458166e-02
-2.935199575381913437e-02 -7.143789600093253256e-02 -2.993492915837685925e-02
-2.964757826768624899e-02 -7.157311358463140649e-02 -2.999743411956944800e-02
-2.993704653898594109e-02 -7.170471437692442496e-02 -3.005971790195784837e-02
-3.022000156045180977e-02 -7.183286417193665563e-02 -3.012098609392631007e-02
-3.049609984851161387e-02 -7.195777393772927188e-02 -3.018053003503366055e-02
-3.076505951866385577e-02 -7.207969921774720623e-02 -3.023776755814933104e-02
-3.102665544518551713e-02 -7.219894272896817955e-02 -3.029227535245396924e-02
-3.128072070711635649e-02 -7.231584344778918538e-02 -3.034380703767085991e-02
-3.152714526768274350e-02 -7.243075790496880662e-02 -3.039229915688943309e-02
-3.176586731438755390e-02 -7.254405681656192484e-02 -3.043785451435209941e-02
-3.199686791901877603e-02 -7.265610228370752988e-02 -3.048072700068095442e-02
-3.222016770368089922e-02 -7.276723124129630405e-02 -3.052128535148117272e-02
-3.243581181830455795e-02 -7.287775101238347375e-02 -3.055997612468813046e-02
-3.264387168293066827e-02 -7.298791315536909408e-02 -3.059728694522802217e-02
-3.284443999638134160e-02 -7.309790277629947541e-02 -3.063370375979011795e-02
-3.303762565801810630e-02 -7.320783602099964482e-02 -3.066967151797250421e-02
-3.322355345188236775e-02 -7.331775663683327837e-02 -3.070556351534222198e-02
-3.340236668248224017e-02 -7.342763380240617532e-02 -3.074165790380024854e-02
-3.357422469643020491e-02 -7.353737604086182933e-02 -3.077811954266767777e-02
-3.373930392255322652e-02 -7.364683970786252420e-02 -3.081499780042454631e-02
-3.389780442037346186e-02 -7.375583174527147734e-02 -3.085223196929566883e-02
-3.404994651234426878e-02 -7.386413175105416284e-02 -3.088965947665792827e-02
-3.419596933957343848e-02 -7.397150891666894046e-02 -3.092703714113383129e-02
-3.433613457843312511e-02 -7.407772901821975398e-02 -3.096406779706335072e-02
-3.447071774647982034e-02 -7.418258240629868605e-02 -3.100042277026963250e-02
-3.460001125520328208e-02 -7.428587843995360096e-02 -3.103577957546355473e-02
-3.472432631220701005e-02 -7.438744883212460024e-02 -3.106984197916622462e-02
-3.484397856253659137e-02 -7.448716871150687369e-02 -3.110235966760832582e-02
-3.495928843331179425e-02 -7.458495325147028454e-02 -3.113314888671085690e-02
-3.507057802201082181e-02 -7.468075307841777477e-02 -3.116210485976940447e-02
-3.517816566170858805e-02 -7.477455176154088057e-02 -3.118920479554855574e-02
-3.528235941032473871e-02 -7.486636310549282802e-02 -3.121450579899536643e-02
-3.538345504866508007e-02 -7.495621989797660034e-02 -3.123813871300674949e-02
-3.548173333354345815e-02 -7.504416487580986561e-02 -3.126029444607560798e-02
-3.557745693892981620e-02 -7.513024301345251621e-02 -3.128120708450228549e-02
-3.567086517248194144e-02 -7.521450286212087721e-02 -3.130113279856177461e-02
-3.576217444690599212e-02 -7.529698502869393295e-02 -3.132033573058258524e-02
-3.585159888017959429e-02 -7.537767455627640556e-02 -3.133907686579900931e-02
-3.593934728548391078e-02 -7.545651231761349442e-02 -3.135757729339821998e-02
-3.602559136304683829e-02 -7.553346360486740130e-02 -3.137599194491753202e-02
-3.611046726607790303e-02 -7.560852051550474850e-02 -3.139442324175045762e-02
-3.619409117422579814e-02 -7.568167198909189763e-02 -3.141293174493473006e-02
-3.627656331174741039e-02 -7.575288530741021431e-02 -3.143153805893780794e-02
-3.635795851691570046e-02 -7.582213148146113579e-02 -3.145021263223202884e-02
-3.643832882708138154e-02 -7.588938580201187722e-02 -3.146889160776111111e-02
-3.651772319162348290e-02 -7.595461123752129950e-02 -3.148748646563846731e-02
-3.659617772918003636e-02 -7.601778893301198992e-02 -3.150588510425873789e-02
-3.667372109083161247e-02 -7.607891604679639652e-02 -3.152397080838015286e-02
-3.675038111338353730e-02 -7.613800267174007652e-02 -3.154163208121736617e-02
-3.682618254782608902e-02 -7.619507319911610066e-02 -3.155877272160222125e-02
-3.690114620523754496e-02 -7.625017090348462645e-02 -3.157531577285845048e-02
-3.697528184930888584e-02 -7.630336811613053216e-02 -3.159120951614403927e-02
-3.704859801035507300e-02 -7.635474266927036457e-02 -3.160643859637098096e-02
-3.712109913551324414e-02 -7.640438260952278626e-02 -3.162101588544508762e-02
-3.719278120839324131e-02 -7.645238554514832696e-02 -3.163498324174479626e-02
-3.726363389663782388e-02 -7.649885752406972161e-02 -3.164840434815755638e-02
-3.733363948739160804e-02 -7.654390591951072687e-02 -3.166136382643430086e-02
-3.740277591105325289e-02 -7.658763464066854765e-02 -3.167395678947711180e-02
-3.747101067001996910e-02 -7.663014878162167920e-02 -3.168628190005132184e-02
-3.753831157350001613e-02 -7.667153280622904243e-02 -3.169843882907778798e-02
-3.760464096403990514e-02 -7.671186490481535225e-02 -3.171051198519328485e-02
-3.766995486664932030e-02 -7.675121557627841151e-02 -3.172257100126463919e-02
-3.773420269524056792e-02 -7.678965867457641925e-02 -3.173466189242325763e-02
-3.779731915047876423e-02 -7.682728223738319318e-02 -3.174681172451224165e-02
-3.785924798686969572e-02 -7.686414272452510299e-02 -3.175904131423860910e-02
-3.791994712991259009e-02 -7.690025945780668004e-02 -3.177135353227529546e-02
-3.797938228799613986e-02 -7.693563227283861661e-02 -3.178372661657588583e-02
-3.803752472429502984e-02 -7.697026374839760487e-02 -3.179611231110896635e-02
-3.809435273178363168e-02 -7.700416138984408909e-02 -3.180844884290259800e-02
-3.814985400747181871e-02 -7.703733821026856332e-02 -3.182066620463250284e-02
-3.820402542070874125e-02 -7.706980305959289235e-02 -3.183269750299407008e-02
-3.825687118350387661e-02 -7.710156652738907324e-02 -3.184447633210954476e-02
-3.830839239451254430e-02 -7.713265475801472926e-02 -3.185594243751971311e-02
-3.835859673166780448e-02 -7.716309256525558102e-02 -3.186705112182869337e-02
-3.840749458416696516e-02 -7.719291039940487376e-02 -3.187777086543704813e-02
-3.845509719131812165e-02 -7.722214400321394945e-02 -3.188808694133019039e-02
-3.850142018318136738e-02 -7.725082870217095388e-02 -3.189800130258241967e-02
-3.854648261297562856e-02 -7.727899750568378856e-02 -3.190753122393950175e-02
-3.859030275107383501e-02 -7.730668998864645425e-02 -3.191670302654501384e-02
-3.863290043329634105e-02 -7.733394162101582536e-02 -3.192555592861766323e-02
-3.867429989490709513e-02 -7.736078052132674965e-02 -3.193413442599922492e-02
-3.871452659210687652e-02 -7.738722680998635917e-02 -3.194248614115350465e-02
-3.875360845891926559e-02 -7.741329471312957677e-02 -3.195065451302326470e-02
-3.879157260963782272e-02 -7.743899551359878508e-02 -3.195867813950185876e-02
-3.882845098775718207e-02 -7.746432921844083330e-02 -3.196658938854723964e-02
-3.886427386184219956e-02 -7.748929686176403431e-02 -3.197440881767471543e-02
-3.889907083439277796e-02 -7.751389685989124034e-02 -3.198214895763058091e-02
-3.893287535522616666e-02 -7.753811819051439902e-02 -3.198981437505056535e-02
-3.896571967168235839e-02 -7.756194993590148634e-02 -3.199739891669527853e-02
-3.899763686822271813e-02 -7.758537776745402792e-02 -3.200489003213061873e-02
-3.902866149423158543e-02 -7.760838665996158681e-02 -3.201226828277904668e-02
-3.905882748862549159e-02 -7.763096390243395817e-02 -3.201951062523371305e-02
-3.908816893823270633e-02 -7.765310050043089385e-02 -3.202659208592001372e-02
-3.911672182238382783e-02 -7.767478531045451939e-02 -3.203349101557263767e-02
-3.914452145228748681e-02 -7.769601350264000728e-02 -3.204018573065614550e-02
-3.917160078106965426e-02 -7.771678528307390810e-02 -3.204666078520806982e-02
-3.919799548582948712e-02 -7.773709954697416435e-02 -3.205290707575261799e-02
-3.922373891631562859e-02 -7.775696008080905386e-02 -3.205892117021592186e-02
-3.924886478314092153e-02 -7.777637069363177447e-02 -3.206470672364061802e-02
-3.927340413566483834e-02 -7.779534112126398893e-02 -3.207027178116213934e-02
-3.929738646226946241e-02 -7.781388173037256939e-02 -3.207563152138488000e-02
-3.932084178749781916e-02 -7.783200020785951967e-02 -3.208080544813483176e-02
-3.934379773577675876e-02 -7.784970425981067865e-02 -3.208581530412138449e-02
-3.936627652834260443e-02 -7.786700930611004101e-02 -3.209068142699842557e-02
-3.938829768636845086e-02 -7.788392921205145036e-02 -3.209542760108338721e-02
-3.940988477094539699e-02 -7.790046470580772042e-02 -3.210007829642884392e-02
-3.943105753897579308e-02 -7.791661776931041450e-02 -3.210465124699685840e-02
-3.945182954300285871e-02 -7.793239793218831313e-02 -3.210915828044879489e-02
-3.947221159966962656e-02 -7.794781676956891170e-02 -3.211360881360107028e-02
-3.949221733902864850e-02 -7.796287483434825860e-02 -3.211801221177783272e-02
-3.951186180056796143e-02 -7.797756582415268922e-02 -3.212237177283806117e-02
-3.953115316850047689e-02 -7.799189400404051009e-02 -3.212668203458540067e-02
-3.955009823976272237e-02 -7.800586483199499488e-02 -3.213093675782108249e-02
-3.956870761425153316e-02 -7.801947674212242334e-02 -3.213512930147265079e-02
-3.958698856926323728e-02 -7.803273388670424471e-02 -3.213924884971703505e-02
-3.960494519515515843e-02 -7.804564555464285625e-02 -3.214328477293809661e-02
-3.962258535677881666e-02 -7.805821349814082155e-02 -3.214723028351904044e-02
-3.963991556516432979e-02 -7.807044343113375695e-02 -3.215107673540293365e-02
-3.965693754415134525e-02 -7.808234976906458513e-02 -3.215481703764731108e-02
-3.967365553985166549e-02 -7.809394311056452875e-02 -3.215844965206249989e-02
-3.969007502471637305e-02 -7.810523163805206670e-02 -3.216197573259117065e-02
-3.970619784349686127e-02 -7.811623040212850588e-02 -3.216539665780243640e-02
-3.972202573657192259e-02 -7.812695338877712059e-02 -3.216871853979480500e-02
-3.973756261178836013e-02 -7.813741085118568186e-02 -3.217194960511487317e-02
-3.975281226847739158e-02 -7.814761098259725980e-02 -3.217509925800161180e-02
-3.976777547231653137e-02 -7.815756885144733990e-02 -3.217817425480206522e-02
-3.978245283146904232e-02 -7.816729670025651666e-02 -3.218118498427578050e-02
-3.979684738159179613e-02 -7.817680289736075872e-02 -3.218414043119836865e-02
-3.981095940978578163e-02 -7.818609696357944894e-02 -3.218704846971903732e-02
-3.982478965074315314e-02 -7.819518736841456208e-02 -3.218991488379534249e-02
-3.983833704153687261e-02 -7.820408398923958671e-02 -3.219274395979978415e-02
-3.985160246604793621e-02 -7.821279185035542869e-02 -3.219553950245020169e-02
-3.986458590702270099e-02 -7.822131730201385691e-02 -3.219830196033413722e-02
-3.987728900796143339e-02 -7.822966164082177654e-02 -3.220103191669483611e-02
-3.988971458871348047e-02 -7.823782616536899270e-02 -3.220372597372042622e-02
-3.990186242438662628e-02 -7.824581788714361774e-02 -3.220637890709343587e-02
-3.991373708147587240e-02 -7.825363565344392591e-02 -3.220898773651517666e-02
-3.992534177602695411e-02 -7.826128341482732620e-02 -3.221154555118161539e-02
-3.993667898681244749e-02 -7.826876496342169420e-02 -3.221404785487165523e-02
-3.994775039305489828e-02 -7.827608998812325691e-02 -3.221648813143751511e-02
-3.995855824421447322e-02 -7.828326335524175839e-02 -3.221886605234930423e-02
-3.996910918376475608e-02 -7.829028507084376254e-02 -3.222118042037972613e-02
-3.997940682579113197e-02 -7.829715842180987040e-02 -3.222343077836235109e-02
-3.998945448655686491e-02 -7.830389177163878112e-02 -3.222561556395611010e-02
-3.999925591506559019e-02 -7.831049113318971910e-02 -3.222773818533806317e-02
-4.000882002015309497e-02 -7.831695484703346533e-02 -3.222980293023317011e-02
-4.001815176296363158e-02 -7.832328778302569128e-02 -3.223181185824533501e-02
-4.002725546387386757e-02 -7.832949653555454361e-02 -3.223376807807135092e-02
-4.003613534920757305e-02 -7.833558829101804066e-02 -3.223567561162533901e-02
-4.004479678621414990e-02 -7.834156598989733267e-02 -3.223754037877692158e-02
-4.005324705820834108e-02 -7.834742783496527474e-02 -3.223936758617348963e-02
-4.006149032324191062e-02 -7.835317774347416719e-02 -3.224115901759970482e-02
-4.006953215717705408e-02 -7.835881584150139467e-02 -3.224291821112022782e-02
-4.007737942925523877e-02 -7.836434183433331480e-02 -3.224464618495595514e-02
-4.008503557254221306e-02 -7.836976053617150662e-02 -3.224634277459567655e-02
-4.009250518762222382e-02 -7.837507470468109416e-02 -3.224800858061838138e-02
-4.009979548993439225e-02 -7.838028015726099251e-02 -3.224964533782188197e-02
-4.010691149492545682e-02 -7.838537793914807095e-02 -3.225125030926696140e-02
-4.011385586835421180e-02 -7.839037195215961540e-02 -3.225282190120265513e-02
-4.012063352431646801e-02 -7.839526398311079392e-02 -3.225435893881464788e-02
-4.012725011371316708e-02 -7.840005235797908867e-02 -3.225586183149682651e-02
-4.013371312835382204e-02 -7.840473299074647573e-02 -3.225732958731281075e-02
-4.014002670038989418e-02 -7.840930860681469272e-02 -3.225875930136405667e-02
-4.014619477133450631e-02 -7.841378339843926848e-02 -3.226014967661554322e-02
-4.015222384026977814e-02 -7.841815654647225908e-02 -3.226150188986930123e-02
-4.015811906430128558e-02 -7.842242992716760841e-02 -3.226281553624087833e-02
-4.016388250849102504e-02 -7.842661002870504605e-02 -3.226409079621452708e-02
-4.016951662173254278e-02 -7.843070262778538415e-02 -3.226532978954406439e-02
-4.017502633654627953e-02 -7.843470658204307333e-02 -3.226653731376658008e-02
-4.018041939954464237e-02 -7.843861490349245125e-02 -3.226771704455305700e-02
-4.018569829641892299e-02 -7.844243216560842225e-02 -3.226886756866011868e-02
-4.019086547729170539e-02 -7.844616258488951166e-02 -3.226999086700250291e-02
-4.019592370257626945e-02 -7.844981269214640340e-02 -3.227108767806129153e-02
-4.020087526879595474e-02 -7.845338474297736120e-02 -3.227216245967982899e-02
-4.020572641853273343e-02 -7.845687378724555683e-02 -3.227321825042348685e-02
-4.021047845934051790e-02 -7.846028221994673368e-02 -3.227425470120569295e-02
-4.021513158061592458e-02 -7.846361575908777919e-02 -3.227527133204167314e-02
-4.021968888904606937e-02 -7.846687387635464805e-02 -3.227627049311052043e-02
-4.022415356491580024e-02 -7.847005675012833081e-02 -3.227725199124853450e-02
-4.022852649766769234e-02 -7.847316688445554744e-02 -3.227821564914012953e-02
-4.023281054019751252e-02 -7.847620407854147273e-02 -3.227916144257968190e-02
-4.023700839238662091e-02 -7.847916771415855419e-02 -3.228008904114826327e-02
-4.024112206356666999e-02 -7.848205927477355792e-02 -3.228099683168667022e-02
-4.024515062719707936e-02 -7.848488607929450522e-02 -3.228188282084767935e-02
-4.024909597256371568e-02 -7.848764867224380937e-02 -3.228274890779984918e-02
-4.025296199602893671e-02 -7.849034406642582673e-02 -3.228359578559057697e-02
-4.025674849870451710e-02 -7.849297631731966263e-02 -3.228442190660164857e-02
-4.026045812151439474e-02 -7.849554395611625657e-02 -3.228522866914766004e-02
-4.026409273530870414e-02 -7.849804970942228510e-02 -3.228601460090611136e-02
-4.026765116346243262e-02 -7.850050019130008772e-02 -3.228677987856763687e-02
-4.027113517402831216e-02 -7.850289730575983616e-02 -3.228752640944451691e-02
-4.027454709229275065e-02 -7.850523964402243704e-02 -3.228825672549789222e-02
-4.027788951508080861e-02 -7.850752553240326892e-02 -3.228897154214588339e-02
-4.028116212278591568e-02 -7.850975933547586771e-02 -3.228966997593531174e-02
-4.028436444468394551e-02 -7.851194638628525291e-02 -3.229035257217453825e-02
-4.028749826657648803e-02 -7.851408715172999986e-02 -3.229102177282866526e-02
-4.029056575040190075e-02 -7.851618059219943324e-02 -3.229167896629477064e-02
-4.029356640519973082e-02 -7.851823037469876643e-02 -3.229232371525719153e-02
-4.029650150919707879e-02 -7.852023609012430405e-02 -3.229295767589177718e-02
-4.029937501028517388e-02 -7.852219327762210987e-02 -3.229358156922648021e-02
-4.030218585557984734e-02 -7.852410784665218857e-02 -3.229419239918640550e-02
-4.030493483293590834e-02 -7.852598082226527887e-02 -3.229479142349638010e-02
-4.030762289766305628e-02 -7.852781559489341312e-02 -3.229537730747723129e-02
-4.031024871351972239e-02 -7.852961572634385712e-02 -3.229595128687136329e-02
-4.031281773021763021e-02 -7.853137258323461545e-02 -3.229651590534173000e-02
-4.031532978904494441e-02 -7.853308922496274325e-02 -3.229706770257061155e-02
-4.031778416728160064e-02 -7.853476884957147353e-02 -3.229760650692725665e-02
-4.032018234141290791e-02 -7.853641410356798636e-02 -3.229813158142458285e-02
-4.032252480408980710e-02 -7.853802616147712023e-02 -3.229864448467521798e-02
-4.032481370914858809e-02 -7.853960447492074060e-02 -3.229914546802608449e-02
-4.032705149680665402e-02 -7.854114521984885411e-02 -3.229963614532645189e-02
-4.032923903452845932e-02 -7.854265135434693179e-02 -3.230011380320291225e-02
-4.033137472115623512e-02 -7.854412824412122796e-02 -3.230057883930383122e-02
-4.033346247323937872e-02 -7.854557273957341046e-02 -3.230103321745991796e-02
-4.033550232651181289e-02 -7.854698775684262890e-02 -3.230147636606053863e-02
-4.033749449788431862e-02 -7.854837485253599039e-02 -3.230190936577015393e-02
-4.033944308105159859e-02 -7.854972836687226789e-02 -3.230233429253719091e-02
-4.034134797404779343e-02 -7.855105214813347392e-02 -3.230274862407980091e-02
-4.034320602964704822e-02 -7.855235482089910348e-02 -3.230315205051118022e-02
-4.034502029980059634e-02 -7.855363316008801000e-02 -3.230354834884815313e-02
-4.034679413245626650e-02 -7.855488247051482797e-02 -3.230393863630146717e-02
-4.034852821590784872e-02 -7.855610245699290450e-02 -3.230432190678317328e-02
-4.035022300920312888e-02 -7.855729516037443516e-02 -3.230469690646994851e-02
-4.035187851974252060e-02 -7.855846419333098463e-02 -3.230506311904077221e-02
-4.035349669702311542e-02 -7.855960850677687346e-02 -3.230542195651155135e-02
-4.035507876363336743e-02 -7.856072840696631809e-02 -3.230577304429086555e-02
-4.035662747117026161e-02 -7.856181890026794901e-02 -3.230611789575471571e-02
-4.035814246243669273e-02 -7.856288480830539434e-02 -3.230645271033255606e-02
-4.035962145985790006e-02 -7.856393123700229630e-02 -3.230677842390432958e-02
-4.036106743510968486e-02 -7.856495627219184374e-02 -3.230709631201617027e-02
-4.036248117525050028e-02 -7.856595850156825045e-02 -3.230740761308200509e-02
-4.036386447904530966e-02 -7.856693628021092779e-02 -3.230771191952026139e-02
-4.036521838509429805e-02 -7.856788883868603968e-02 -3.230800915763754055e-02
-4.036654302396650018e-02 -7.856881977219129509e-02 -3.230829755660846042e-02
-4.036783777402390416e-02 -7.856973240721090712e-02 -3.230857796698789058e-02
-4.036910415324913848e-02 -7.857062669554963630e-02 -3.230885149489030883e-02
-4.037034335529001566e-02 -7.857150064960144453e-02 -3.230911972083701927e-02
-4.037155539966902351e-02 -7.857235599708692342e-02 -3.230938166870651190e-02
-4.037273991449626120e-02 -7.857319374987534188e-02 -3.230963837725412541e-02
-4.037389751397379295e-02 -7.857401549688608489e-02 -3.230988961607833554e-02
-4.037502814384323624e-02 -7.857482178541078111e-02 -3.231013687336656282e-02
-4.037613576278657745e-02 -7.857560645625626117e-02 -3.231038162881041953e-02
-4.037721980935597699e-02 -7.857637265712433261e-02 -3.231062131506058643e-02
-4.037827921373038365e-02 -7.857712387737630921e-02 -3.231085588725522706e-02
-4.037931708242198381e-02 -7.857785651776313940e-02 -3.231108673127230935e-02
-4.038033428481296871e-02 -7.857857048188926496e-02 -3.231131285554113275e-02
-4.038133039427850568e-02 -7.857926757921730732e-02 -3.231153347952847588e-02
-4.038230504167984736e-02 -7.857995037619190659e-02 -3.231174806907154140e-02
-4.038325821874213378e-02 -7.858061966378410146e-02 -3.231195749106263726e-02
