1.510564000414843788e-01 1.463693376010900549e-01 -6.194598998629011893e-02
2.624372723365139271e-01 1.285191692409994313e-01 2.082648526404658196e-02
2.506392667048354950e-01 2.050175348764121941e-01 9.977171710199439492e-02
2.192768658354920241e-01 2.769544700560266914e-01 1.160313289417531230e-01
1.791592494428061455e-01 3.246472685476800013e-01 1.108584052763365857e-01
1.378203336619153174e-01 3.447000045106264343e-01 1.023856340869437193e-01
1.021372513937622573e-01 3.407961721047345627e-01 9.441992894300932360e-02
7.453024657635312633e-02 3.234259781389330346e-01 8.393818232295571780e-02
5.426885870567862979e-02 3.046293400899352521e-01 6.895189903931342457e-02
4.031324924631404794e-02 2.911905649256669726e-01 5.122577475643965567e-02
3.202314794389417296e-02 2.835860261103426705e-01 3.378568449185788414e-02
2.760676782270557461e-02 2.804835892263085606e-01 1.846478214962087722e-02
2.482498938322445434e-02 2.801659569994205956e-01 6.196699084577969585e-03
2.225698818539313326e-02 2.804850380996061210e-01 -2.517844420027406938e-03
1.929858349016087132e-02 2.796514700130396935e-01 -7.633767885637018219e-03
1.597789349525326891e-02 2.764903361109659619e-01 -9.479497849152342115e-03
1.283019910405927902e-02 2.701514444220648459e-01 -8.646167749009107950e-03
1.058576530004055362e-02 2.601248960414042077e-01 -6.023868629343228503e-03
9.752473429699235613e-03 2.466174395840374234e-01 -2.742267354564884886e-03
1.051307581859827096e-02 2.305090586234910255e-01 1.578806264977052759e-04
1.291462766852717256e-02 2.128290886195787490e-01 2.041940495106130474e-03
1.702828209745971960e-02 1.943197253639051270e-01 2.733171187944137201e-03
2.287850977077642359e-02 1.755635539241930665e-01 2.314415719755909609e-03
3.033925365206187677e-02 1.572160470314236114e-01 1.023612651864584146e-03
3.924056544910119182e-02 1.398357361879457861e-01 -7.316405437375207016e-04
4.934703934987257068e-02 1.239270785599490970e-01 -2.500941692205755403e-03
6.031040283590486523e-02 1.099346481265050662e-01 -3.821417431945269179e-03
7.175798306601627319e-02 9.808660525071793979e-02 -4.256152576848990475e-03
8.329797270180699931e-02 8.840647315233557402e-02 -3.468816607559151860e-03
9.452337701059917996e-02 8.080861872094573239e-02 -1.284748987630921976e-03
1.050476004472137292e-01 7.513062318962562824e-02 2.324731619056942880e-03
1.145486642170722713e-01 7.115519058614019898e-02 7.250138429674852711e-03
1.228175282386423650e-01 6.854507653158077585e-02 1.329368355654699657e-02
1.297613947880625340e-01 6.690060521974314223e-02 2.014050103045515738e-02
1.353506709044871581e-01 6.585616270391489446e-02 2.738998132344178799e-02
1.396304207690172161e-01 6.509026171652795845e-02 3.459789550022035476e-02
1.427196528321672542e-01 6.429095918354443828e-02 4.133818291000362216e-02
1.447694255051086842e-01 6.323945936622277220e-02 4.719390359322489514e-02
1.459201431657571602e-01 6.183256952624485714e-02 5.182128972408563128e-02
1.463511066040582287e-01 5.997785791840111458e-02 5.498962284368937026e-02
1.462131621540813942e-01 5.769165538190482168e-02 5.655218370300042069e-02
1.455931284952795279e-01 5.513391780613869503e-02 5.647118919371002521e-02
1.445359472545168777e-01 5.254573797253742073e-02 5.484331896902278763e-02
1.430726942944551550e-01 5.014794815805254796e-02 5.190533770753922443e-02
1.412295549148943619e-01 4.811015443405761843e-02 4.798225587177464696e-02
1.390118364012209451e-01 4.657573264867352625e-02 4.344201431593537610e-02
1.364700328331767132e-01 4.554536636181228532e-02 3.868917375032929207e-02
1.336552690359910645e-01 4.501730533685852076e-02 3.405724755003749354e-02
1.305821541785641693e-01 4.503098504096907789e-02 2.983056846026463371e-02
1.272877974900200049e-01 4.558480782697843514e-02 2.624418542911678351e-02
1.237931540759105165e-01 4.666682301213397055e-02 2.346683402648521571e-02
1.201178122161790096e-01 4.821888033137233104e-02 2.160075643220971467e-02
1.162785822675797137e-01 5.014303007667089002e-02 2.067159871230396170e-02
1.122879466108922669e-01 5.232077840801747926e-02 2.062782603722644603e-02
1.081620148280457994e-01 5.462017423773048164e-02 2.135288751268311913e-02
1.039241390123701175e-01 5.690872123523595116e-02 2.267782187451380937e-02
9.959765468155637458e-02 5.907877128668968802e-02 2.439616436510145051e-02
9.520798523632614807e-02 6.104540799791906280e-02 2.629039739072007442e-02
9.079125025814871464e-02 6.272937653029944660e-02 2.815225229320348840e-02
8.638297267088368425e-02 6.407881789712771559e-02 2.978750012137159481e-02
8.201639383923135795e-02 6.506825167318192049e-02 3.103530927511224599e-02
7.773322148357705852e-02 6.568192826186106115e-02 3.177900103569074319e-02
7.357632155126747620e-02 6.592455729336529902e-02 3.194593735879668744e-02
6.958638484149431980e-02 6.582462003878955525e-02 3.151016258916243540e-02
6.579699643609795978e-02 6.543991057735078221e-02 3.049087408716076586e-02
6.223641952254617415e-02 6.484067045880706481e-02 2.895562609118265684e-02
5.892952101236587775e-02 6.409739944517572896e-02 2.700976706064126681e-02
5.588610242193184363e-02 6.329220032750346170e-02 2.478201048054196401e-02
5.310323601722777287e-02 6.250767554806754833e-02 2.241887660593921971e-02
5.057448082570265707e-02 6.180512961432205188e-02 2.007590657033097442e-02
4.830049520672357460e-02 6.120026654571095182e-02 1.790523334457286633e-02
4.627495995471611612e-02 6.070159163982673245e-02 1.602521433328539524e-02
4.447368409065709932e-02 6.033158553524703427e-02 1.452164791626521685e-02
4.288286450959311047e-02 6.007762965778939285e-02 1.345943561885460348e-02
4.149309289283251156e-02 5.990586282639555338e-02 1.286491259486473825e-02
4.028705102804260030e-02 5.978204575162342216e-02 1.272529272264404099e-02
3.924770416929264372e-02 5.966698949245281824e-02 1.299557648001094072e-02
3.835491471789109763e-02 5.952725659390028373e-02 1.360340787862406552e-02
3.758656443332217961e-02 5.933573949505387135e-02 1.445940294398368950e-02
3.692343481936922328e-02 5.906485889839686171e-02 1.546723419348763895e-02
3.635002239810741775e-02 5.868804540877038678e-02 1.652893847437906377e-02
3.585303454030039361e-02 5.818619352959536473e-02 1.755035410151271555e-02
3.542228962803353753e-02 5.754974418642338357e-02 1.844815756752534591e-02
3.505118152568217904e-02 5.677937858557746686e-02 1.915547891065935704e-02
3.473587724096550977e-02 5.588609526634893965e-02 1.962585328631378731e-02
3.447531584950967731e-02 5.488791915347778633e-02 1.983579616498375164e-02
3.427064216479694392e-02 5.380738630902202890e-02 1.978423971970540152e-02
3.412407691833208023e-02 5.266978147523729281e-02 1.949040748895219249e-02
3.403727933118230742e-02 5.150361677318165965e-02 1.898979818452207688e-02
3.400979173146147228e-02 5.034020108369189478e-02 1.833076885329545588e-02
3.403906543309619115e-02 4.921064052079264506e-02 1.757066431165307113e-02
3.412016142252297102e-02 4.814294805252451737e-02 1.677127384487495793e-02
3.424585463937541985e-02 4.715954700550582107e-02 1.599377056600008451e-02
3.440883588667198456e-02 4.627142280346970005e-02 1.529488576157024202e-02
3.459975416195473774e-02 4.548428444924468989e-02 1.471928115451820451e-02
3.480541583900851471e-02 4.480213538919081140e-02 1.429856844427108802e-02
3.501321485056341221e-02 4.422164178002156720e-02 1.405169280415253727e-02
3.521111974982080173e-02 4.373289916781868125e-02 1.398367480387321081e-02
3.538786424661662100e-02 4.332098513368097537e-02 1.408564644450520029e-02
3.553358042760980384e-02 4.296764750528711541e-02 1.433627092741213138e-02
3.564035725797602694e-02 4.265322722420106238e-02 1.470407865198532921e-02
3.570275767934930067e-02 4.235805568933155574e-02 1.515064198540330524e-02
3.571806047889912461e-02 4.206382237935228641e-02 1.563385430556696667e-02
3.568597291282930850e-02 4.175512859957983963e-02 1.611124509203849461e-02
3.560834181115238306e-02 4.142045667181044888e-02 1.654321543400085609e-02
3.548873336067238926e-02 4.105275020872582031e-02 1.689583605209002068e-02
3.533193036629815598e-02 4.064960114085809650e-02 1.714303373651906992e-02
3.514341682192513583e-02 4.021306145828644485e-02 1.726804152172722873e-02
3.492922431675303530e-02 3.974838789058829369e-02 1.726421908924624660e-02
3.469520397904721221e-02 3.926410440740686625e-02 1.713439688287377374e-02
3.444755564385682672e-02 3.876883208318170071e-02 1.689082748790050187e-02
3.419286628424988289e-02 3.827056107569201671e-02 1.655249401270025150e-02
3.393526838219822206e-02 3.778076729600519934e-02 1.614226996353809035e-02
3.367683022636513285e-02 3.731236459188493754e-02 1.568657912597812981e-02
3.341875975101289697e-02 3.687615675708318108e-02 1.521383324045874792e-02
3.316096395267207481e-02 3.648015395015109102e-02 1.475177058026899343e-02
3.290199845393004113e-02 3.612941516014642890e-02 1.432519464894206791e-02
3.263934397208062554e-02 3.582619183054173290e-02 1.395430270263113559e-02
3.237017155030602611e-02 3.556937067643334283e-02 1.365379578063868546e-02
3.209190848874531737e-02 3.535458819954509502e-02 1.343203625283604860e-02
3.180227671505314602e-02 3.517520003508314147e-02 1.329075182938877810e-02
3.149940229336081754e-02 3.502327472494647792e-02 1.322536651316737026e-02
3.118210060892191715e-02 3.488989488961223573e-02 1.322607438605772831e-02
3.085014809197217378e-02 3.476549643157576808e-02 1.327892075542825776e-02
3.050408166872487642e-02 3.464086123836711273e-02 1.336702028669721661e-02
3.014516279854377243e-02 3.450781034413882148e-02 1.347205233372171171e-02
2.977523802653580035e-02 3.435991242704689030e-02 1.357574448292499410e-02
2.939723065878609848e-02 3.419146649389692705e-02 1.366165886613624446e-02
2.901816334026884048e-02 3.399109989501437890e-02 1.371720562116541392e-02
2.864903262744041695e-02 3.374327414108428680e-02 1.373118036852491106e-02
2.829730859005842591e-02 3.344418717399492980e-02 1.369068519288085123e-02
2.796644565278014194e-02 3.310129372986269497e-02 1.358706604498868993e-02
2.766009468741746635e-02 3.272359266307557635e-02 1.341900648255426806e-02
2.738025585881747465e-02 3.232056232730777523e-02 1.319107984665470953e-02
2.712666698197903348e-02 3.190150078079813378e-02 1.291233962364504197e-02
2.689729045991619966e-02 3.147510332551302359e-02 1.259505219350335464e-02
2.668910228288372613e-02 3.104915092085955286e-02 1.225351652813496534e-02
2.649887311785623784e-02 3.063006202616665175e-02 1.190291973776505009e-02
2.632363006382133774e-02 3.022255595145297707e-02 1.155815159731807609e-02
2.616074506258883603e-02 2.982964255462916547e-02 1.123262750222606479e-02
2.600791512671972797e-02 2.945259065724250072e-02 1.093738524694877305e-02
2.586318222224226471e-02 2.909087028350894333e-02 1.068041383944606272e-02
2.572488633556983123e-02 2.874232933621349503e-02 1.046623118609164155e-02
2.559213844333337734e-02 2.840244379364192245e-02 1.029600604978693837e-02
2.546603963542092008e-02 2.806236592053296119e-02 1.016778435810589132e-02
2.534775372084310113e-02 2.771419975337972158e-02 1.007473629641240410e-02
2.523822834819562308e-02 2.735117594421578036e-02 1.000760067751784235e-02
2.514206911105631298e-02 2.696095930166496346e-02 9.956584107232598763e-03
2.506391734075948119e-02 2.653336375036920158e-02 9.908432682581033366e-03
2.500785108898474079e-02 2.606011010900399771e-02 9.849721408144810134e-03
2.497981786374281823e-02 2.553200015273568782e-02 9.767506249292370185e-03
2.498379582863974671e-02 2.494504835130281761e-02 9.648843628294025143e-03
2.502124291046163573e-02 2.430116723142826396e-02 9.482866400183092778e-03
2.509297263214289864e-02 2.360323644516128597e-02 9.263319503970557020e-03
2.520085059893903759e-02 2.285082288250509311e-02 8.988380348010988757e-03
2.534633937722131566e-02 2.204308836565432167e-02 8.658277535697969304e-03
2.552931934166197819e-02 2.118191904019314092e-02 8.274778043455995741e-03
2.574835941311085993e-02 2.027247042591170598e-02 7.841613359569029815e-03
2.600130159827066315e-02 1.932123320486875059e-02 7.365237508929138588e-03
2.629447816016755590e-02 1.831502181569834992e-02 6.858434373063345899e-03
2.663431653788659453e-02 1.724330158569448157e-02 6.325662151265924391e-03
2.701795607132438659e-02 1.611191432420741587e-02 5.768004196304394801e-03
2.744642203158129123e-02 1.492186051111561024e-02 5.189876603050104162e-03
2.792160793011047581e-02 1.367068913663019823e-02 4.595582547602301143e-03
2.844394294227561154e-02 1.235496997459373421e-02 3.987598683992015988e-03
2.901206540394042979e-02 1.097236227080499761e-02 3.366112491910319866e-03
2.961982103791110238e-02 9.529185876919529091e-03 2.728387036049249609e-03
3.025457355749324936e-02 8.043250788493216952e-03 2.071819302539705011e-03
3.090021341839461338e-02 6.536381983779483186e-03 1.398053078280790716e-03
3.154556447240264294e-02 5.014568394893686824e-03 7.162513195916905655e-04
3.218491623161637977e-02 3.470125274022801097e-03 3.433256727650591672e-05
3.280282937806947019e-02 1.916033917019703808e-03 -6.494170523630225615e-04
3.338781187260443650e-02 3.578050727825856162e-04 -1.328979598146281084e-03
3.394266728955919882e-02 -1.219194981106326223e-03 -1.998063750827777565e-03
3.446267100336680711e-02 -2.812442308129914446e-03 -2.660063757319355501e-03
3.493922797617890486e-02 -4.408721534567163099e-03 -3.317871828493151702e-03
3.535988395360697978e-02 -5.982432008351503717e-03 -3.973811418494590381e-03
3.571758253122975929e-02 -7.526134728298016809e-03 -4.618164984615633073e-03
3.601963845752190890e-02 -9.062097115796190205e-03 -5.240971816286648169e-03
3.626677253376531240e-02 -1.060083092897897393e-02 -5.844844888814697270e-03
3.648121946581488195e-02 -1.219520679838079387e-02 -6.423880126313112615e-03
3.669158035061973605e-02 -1.388807527335943377e-02 -6.997110753824931258e-03
3.690459152228032363e-02 -1.567666835872866954e-02 -7.591689141789459069e-03
3.711967473949518564e-02 -1.752732701047986230e-02 -8.234113501278349928e-03
3.731347936453861119e-02 -1.937209468119208480e-02 -8.937914805756863937e-03
3.746968392009994431e-02 -2.117795299801265504e-02 -9.688936079679112690e-03
3.757877142055397746e-02 -2.294569891870306549e-02 -1.046710523297276693e-02
3.761093309288275621e-02 -2.464677833775895388e-02 -1.126536876814984017e-02
3.753653707339848350e-02 -2.625486129604164692e-02 -1.206524176860074293e-02
3.734435257681174847e-02 -2.776566677939676375e-02 -1.284374222269846037e-02
3.702996617249455780e-02 -2.918552046879782647e-02 -1.357879238914256985e-02
3.661057925511472522e-02 -3.055553461192694192e-02 -1.424975709220216435e-02
3.609851280129013767e-02 -3.189124453140503024e-02 -1.486064315314363643e-02
3.549466385923537304e-02 -3.318082858284896602e-02 -1.541899635814241408e-02
3.481211707538004602e-02 -3.442758519421474511e-02 -1.592675465705140070e-02
3.406549789822396063e-02 -3.564401397028525015e-02 -1.638714182347711379e-02
3.325703598736720612e-02 -3.682244512359771071e-02 -1.681382372344016052e-02
3.237431859473498263e-02 -3.793339156589339844e-02 -1.721844443472406866e-02
3.140853630365566390e-02 -3.895835446393253881e-02 -1.760142763034207303e-02
3.035332146794855745e-02 -3.989019076997923907e-02 -1.795897598628133293e-02
2.920441426780575472e-02 -4.073181224052216387e-02 -1.828607927533918223e-02
2.796312413523904111e-02 -4.149508425124250055e-02 -1.857963602695825167e-02
2.663649341459939715e-02 -4.219700231784141720e-02 -1.883967701312491694e-02
2.523460301270680217e-02 -4.285030103408959262e-02 -1.907175762280383102e-02
2.376929779545242441e-02 -4.346399871688020472e-02 -1.928264576400166852e-02
2.225363972599566503e-02 -4.404324670301433542e-02 -1.948052737313276175e-02
2.069889121775225077e-02 -4.459011431636644707e-02 -1.967234697559758216e-02
1.911733693937361922e-02 -4.511025649780084357e-02 -1.986310900555932762e-02
1.751974430491352874e-02 -4.560932600169327611e-02 -2.005767681146061743e-02
1.591664287112158974e-02 -4.609481750275425116e-02 -2.025972247540425153e-02
1.432157264000274641e-02 -4.658060296712724507e-02 -2.047154516185853770e-02
1.274372403202576540e-02 -4.706948931970240946e-02 -2.069976881191468165e-02
1.118508854586517873e-02 -4.755059721487477770e-02 -2.094914764507560534e-02
9.650215745438870535e-03 -4.801925804896805400e-02 -2.121707018667508618e-02
8.143036012381935085e-03 -4.847355504855328096e-02 -2.149929569849375749e-02
6.664372011502799585e-03 -4.891155020628242672e-02 -2.179061445762507654e-02
5.215625552334622259e-03 -4.933471638329769982e-02 -2.208507563455576472e-02
3.798155342461421741e-03 -4.974516710350631449e-02 -2.237741386586384468e-02
2.413905950665556303e-03 -5.014552646484606024e-02 -2.266303879938338581e-02
1.065737724171414869e-03 -5.053894563625282998e-02 -2.293825155260853163e-02
-2.425505258343604430e-04 -5.092973162633462891e-02 -2.320023287628308201e-02
-1.507841811368244508e-03 -5.132017107970626713e-02 -2.344828703637298617e-02
-2.728697015390802762e-03 -5.170992504063851025e-02 -2.368259459171411299e-02
-3.903431090311074766e-03 -5.210009837302503888e-02 -2.390304548737502005e-02
-5.030574251956687615e-03 -5.249290844878358453e-02 -2.411010576238767703e-02
-6.109535388290676661e-03 -5.289033084671943691e-02 -2.430511476241910621e-02
-7.140187422102027906e-03 -5.329405837643480526e-02 -2.448991901251099806e-02
-8.122603389348469205e-03 -5.370548077668690912e-02 -2.466660434340323116e-02
-9.057027027642808661e-03 -5.412559572671125224e-02 -2.483731981383347984e-02
-9.943919071160777640e-03 -5.455495628839297784e-02 -2.500412665305646112e-02
-1.078401094807617845e-02 -5.499366814880748966e-02 -2.516886599090664700e-02
-1.157832450660609830e-02 -5.544143747515268422e-02 -2.533304833997755690e-02
-1.232815671598670726e-02 -5.589763168683247602e-02 -2.549777486485294703e-02
-1.303504174936742123e-02 -5.636132962349825470e-02 -2.566369048493255534e-02
-1.370065185804423408e-02 -5.683147280664241352e-02 -2.583094379758132594e-02
-1.432666154768939826e-02 -5.730707572718929388e-02 -2.599921452649674863e-02
-1.491488059109016655e-02 -5.778687309953961515e-02 -2.616793106319343504e-02
-1.546732603803410364e-02 -5.826924310640704818e-02 -2.633623185039835057e-02
-1.598638220774941526e-02 -5.875184426146520117e-02 -2.650311050483970116e-02
-1.647478292945034339e-02 -5.923200850206807033e-02 -2.666716326578387128e-02
-1.693506214683910757e-02 -5.970792201827236634e-02 -2.682657266874030264e-02
-1.736968243539936674e-02 -6.017842212088095333e-02 -2.697962479525542120e-02
-1.778034894988314921e-02 -6.064437931756928163e-02 -2.712456553562545350e-02
-1.816847836179852349e-02 -6.110682164202024813e-02 -2.726085648482205748e-02
-1.853625837154749059e-02 -6.156502405529207939e-02 -2.738888992917742557e-02
-1.888569586167589825e-02 -6.201805632511311200e-02 -2.750915546222425234e-02
-1.921870458923367192e-02 -6.246512857840201549e-02 -2.762222828030013594e-02
-1.953733685458140107e-02 -6.290554502176212703e-02 -2.772885919629794471e-02
-1.984378786118012883e-02 -6.333869294272134742e-02 -2.782995368615894666e-02
-2.014027010920902555e-02 -6.376407457305113824e-02 -2.792650162868665076e-02
-2.042911687416783945e-02 -6.418079269502145745e-02 -2.801962857873361440e-02
-2.071256118166382720e-02 -6.458794657902407199e-02 -2.811021124715775213e-02
-2.099239403592630115e-02 -6.498510161932208318e-02 -2.819887720114628432e-02
-2.127036297568947465e-02 -6.537152352564890023e-02 -2.828624750816987471e-02
-2.154795314116976501e-02 -6.574666574823251342e-02 -2.837261614911287810e-02
-2.182651839999329157e-02 -6.610966113380728482e-02 -2.845825672919112884e-02
-2.210740977266906215e-02 -6.645945017009000089e-02 -2.854309137522026418e-02
-2.239134312609104144e-02 -6.679589787229522901e-02 -2.862662955250368235e-02
-2.267871305822099365e-02 -6.711928656587284880e-02 -2.870840089061939618e-02
-2.296975995302106416e-02 -6.742991605248845055e-02 -2.878806619366411704e-02
-2.326456015824489992e-02 -6.772797996128684939e-02 -2.886539287888999217e-02
-2.356380534388841097e-02 -6.801195307236886090e-02 -2.894054426727667162e-02
-2.386810520531321145e-02 -6.828071518109675442e-02 -2.901288446867919535e-02
-2.417716024195527835e-02 -6.853494751270403085e-02 -2.908150799174211848e-02
-2.449082006336402578e-02 -6.877548244551899559e-02 -2.914595587670118157e-02
-2.480865743202907703e-02 -6.900367503270739278e-02 -2.920602918955774591e-02
-2.512990703881663734e-02 -6.922108018806721885e-02 -2.926196375245567263e-02
-2.545380882950154522e-02 -6.942879004277503763e-02 -2.931441727419322948e-02
-2.577954397418035642e-02 -6.962763308825464792e-02 -2.936419085318250910e-02
-2.610624072838293661e-02 -6.981838574235275929e-02 -2.941211345579508238e-02
-2.643310505873772837e-02 -7.000174472050188501e-02 -2.945903256907650772e-02
-2.675946640156094680e-02 -7.017831983476788271e-02 -2.950576286182245156e-02
-2.708473364503756128e-02 -7.034868027897631104e-02 -2.955302304434067467e-02
-2.740836222462086913e-02 -7.051333945854282304e-02 -2.960140346999664759e-02
-2.772982358331854344e-02 -7.067274691923688956e-02 -2.965132917897985582e-02
-2.804857396096339592e-02 -7.082730066550654846e-02 -2.970304044205664129e-02
-2.836405498593436852e-02 -7.097734246213403819e-02 -2.975659459213442215e-02
-2.867569885482746175e-02 -7.112317088121491993e-02 -2.981187662615906314e-02
-2.898294142814750521e-02 -7.126505101151786592e-02 -2.986862470505314421e-02
-2.928524163873677186e-02 -7.140321586577653978e-02 -2.992646185810228510e-02
-2.958209206725108398e-02 -7.153787937228148208e-02 -2.998492639878928140e-02
-2.987302458158466040e-02 -7.166925157870181196e-02 -3.004350628332048620e-02
-3.015761408076777714e-02 -7.179755232079607086e-02 -3.010167503274859685e-02
-3.043549147646526509e-02 -7.192299615240012323e-02 -3.015893399072366518e-02
-3.070634021452278706e-02 -7.204581512710002411e-02 -3.021483064742255462e-02
-3.096989395150240298e-02 -7.216626051217893412e-02 -3.026899336886096012e-02
-3.122594841299991889e-02 -7.228458940489973505e-02 -3.032114917747412083e-02
-3.147435382460037068e-02 -7.240106827639772313e-02 -3.037113390044195865e-02
-3.171501606890791969e-02 -7.251596400438345413e-02 -3.041889373423370402e-02
-3.194788800969804166e-02 -7.262954442644783959e-02 -3.046447833314985115e-02
-3.217296686362414865e-02 -7.274206387250534145e-02 -3.050803107183027579e-02
-3.239029119065957307e-02 -7.285374763991739333e-02 -3.054977024059886415e-02
-3.259992679537068727e-02 -7.296480007923353273e-02 -3.058996026036450711e-02
-3.280196394906158969e-02 -7.307538823476875112e-02 -3.062889508186122239e-02
-3.299652101994158399e-02 -7.318562438111594903e-02 -3.066687206334358165e-02
-3.318373769196118761e-02 -7.329556651579169357e-02 -3.070416601645465163e-02
-3.336377149642345830e-02 -7.340522542853357424e-02 -3.074100581799243601e-02
-3.353679732857253737e-02 -7.351456511549415984e-02 -3.077756334998155846e-02
-3.370300975073339811e-02 -7.362350517768156966e-02 -3.081394303499853174e-02
-3.386262035369114187e-02 -7.373192868295652680e-02 -3.085017918372653933e-02
-3.401585978248539144e-02 -7.383968689572156796e-02 -3.088623809294108527e-02
-3.416297490290384764e-02 -7.394661218488574050e-02 -3.092202449788080884e-02
-3.430422905695520996e-02 -7.405252558354832870e-02 -3.095739465412180799e-02
-3.443990251892872778e-02 -7.415724305034046560e-02 -3.099217155957487840e-02
-3.457028603199704953e-02 -7.426059424437249368e-02 -3.102615843964885711e-02
-3.469567562206973821e-02 -7.436243366388800569e-02 -3.105915913041012305e-02
-3.481637667721140805e-02 -7.446263131960101367e-02 -3.109099939305279281e-02
-3.493269901921040865e-02 -7.456107905216874387e-02 -3.112153618879216765e-02
-3.504495044983960139e-02 -7.465769542384290136e-02 -3.115066854369857863e-02
-3.515343872003702519e-02 -7.475241704716528712e-02 -3.117834578348929048e-02
-3.525846407758829321e-02 -7.484520638607497500e-02 -3.120456570834931331e-02
-3.536031473005049608e-02 -7.493604961769560757e-02 -3.122937624376667318e-02
-3.545926707249184850e-02 -7.502494784025398600e-02 -3.125287133464658279e-02
-3.555558278523029969e-02 -7.511190999921849021e-02 -3.127518343251143446e-02
-3.564950231298230632e-02 -7.519695867109418841e-02 -3.129646889556095268e-02
-3.574124853485517728e-02 -7.528011069223133900e-02 -3.131690459971719215e-02
-3.583103606474519198e-02 -7.536135825148407297e-02 -3.133667209334360659e-02
-3.591908230545066971e-02 -7.544063900901025466e-02 -3.135594745338882161e-02
-3.600557988185772162e-02 -7.551791155684933754e-02 -3.137485626903257357e-02
-3.609067186457162735e-02 -7.559319260453527256e-02 -3.139348903566638316e-02
-3.617449260402513800e-02 -7.566648418310806257e-02 -3.141192332240903828e-02
-3.625715299687243959e-02 -7.573778974415371068e-02 -3.143020713193743487e-02
-3.633873705420525430e-02 -7.580711021830568996e-02 -3.144836401531282688e-02
-3.641931165552764194e-02 -7.587444085919869963e-02 -3.146639059002062644e-02
-3.649892436368018522e-02 -7.593978200084557095e-02 -3.148426076378781774e-02
-3.657761434965890041e-02 -7.600313351405768580e-02 -3.150193228586631311e-02
-3.665541152869279673e-02 -7.606450507476886225e-02 -3.151935051475815430e-02
-3.673234263252724008e-02 -7.612390893159280691e-02 -3.153645866823379107e-02
-3.680842901294227587e-02 -7.618137107543247744e-02 -3.155319785214929368e-02
-3.688368391884658259e-02 -7.623693322631246161e-02 -3.156951694572135425e-02
-3.695811734870785292e-02 -7.629064683339266406e-02 -3.158537703660575791e-02
-3.703173542471564772e-02 -7.634256875571696077e-02 -3.160075615286850326e-02
-3.710453451538461150e-02 -7.639277615369104157e-02 -3.161564392344386881e-02
-3.717650482778490917e-02 -7.644135083282885268e-02 -3.163005303664363083e-02
-3.724763727011343867e-02 -7.648837172101835558e-02 -3.164401176090678169e-02
-3.731791084618484022e-02 -7.653393137580558059e-02 -3.165755920157137943e-02
-3.738730120835909165e-02 -7.657812052642537504e-02 -3.167074734173431355e-02
-3.745578032151705705e-02 -7.662102735325768132e-02 -3.168363444263909423e-02
-3.752331504580243282e-02 -7.666273705324502807e-02 -3.169628077899302315e-02
-3.758986996312917855e-02 -7.670332715684874403e-02 -3.170874453592628650e-02
-3.765540872526458582e-02 -7.674286500491472873e-02 -3.172107764549431108e-02
-3.771988890709310205e-02 -7.678142167503793081e-02 -3.173331814641087989e-02
-3.778324614485183142e-02 -7.681910529214416861e-02 -3.174548690993396483e-02
-3.784542002684537776e-02 -7.685600004753016801e-02 -3.175761524015570381e-02
-3.790637780933254347e-02 -7.689212746878097693e-02 -3.176973155393190279e-02
-3.796608367910085657e-02 -7.692750800535826106e-02 -3.178183516593766078e-02
-3.802450416432934244e-02 -7.696216234831432246e-02 -3.179390899841966212e-02
-3.808161986860923720e-02 -7.699610441640827863e-02 -3.180592332668354810e-02
-3.813741619940218264e-02 -7.702935462983037662e-02 -3.181783811360852643e-02
-3.819189176988664614e-02 -7.706191954853811032e-02 -3.182961309533370586e-02
-3.824504617192132916e-02 -7.709381813974505726e-02 -3.184119839712688110e-02
-3.829688024777423705e-02 -7.712506995836068691e-02 -3.185255129949428332e-02
-3.834740241305269193e-02 -7.715569342519421059e-02 -3.186363155970294014e-02
-3.839661746964070921e-02 -7.718571673571118785e-02 -3.187440698781114634e-02
-3.844453470003742629e-02 -7.721516910800135802e-02 -3.188485544473296240e-02
-3.849116551740122683e-02 -7.724407937556793113e-02 -3.189496777415705420e-02
-3.853652628604509883e-02 -7.727247317304020147e-02 -3.190474498864567798e-02
-3.858063363618689789e-02 -7.730037916056534120e-02 -3.191419667812785133e-02
-3.862350738884221674e-02 -7.732782393022716305e-02 -3.192334120518805496e-02
-3.866516972757594317e-02 -7.735483216889724178e-02 -3.193220309237553012e-02
-3.870564679690097210e-02 -7.738142100274320034e-02 -3.194081212292473188e-02
-3.874496539825760671e-02 -7.740760761875184470e-02 -3.194919684335377486e-02
-3.878315474700928800e-02 -7.743340165884124437e-02 -3.195738756593508728e-02
-3.882024877668779905e-02 -7.745880477466886294e-02 -3.196541030404033423e-02
-3.885627828385070093e-02 -7.748382263718789353e-02 -3.197328435168320104e-02
-3.889127546054387680e-02 -7.750845729064463618e-02 -3.198102526769397436e-02
-3.892527364290062492e-02 -7.753270713451168583e-02 -3.198864333489660067e-02
-3.895830468588131618e-02 -7.755657071305946393e-02 -3.199614280994586557e-02
-3.899040377721160744e-02 -7.758003673970648162e-02 -3.200352537879002507e-02
-3.902160602048675847e-02 -7.760309488289821034e-02 -3.201078442037107868e-02
-3.905194568840713448e-02 -7.762573448968571044e-02 -3.201791073269656673e-02
-3.908146109042190397e-02 -7.764794077600541133e-02 -3.202489199642066103e-02
-3.911018492049538053e-02 -7.766971193906105353e-02 -3.203171128940544843e-02
-3.913815113063372902e-02 -7.769104387810990553e-02 -3.203835660916432709e-02
-3.916539449832193848e-02 -7.771193379997881623e-02 -3.204481644271425789e-02
-3.919194819521025497e-02 -7.773237875202890224e-02 -3.205108399391323748e-02
-3.921784593748231518e-02 -7.775237737693216356e-02 -3.205715380666117331e-02
-3.924311962271537224e-02 -7.777192995194046055e-02 -3.206302543638953062e-02
-3.926779954923494131e-02 -7.779104326902899769e-02 -3.206869974076044516e-02
-3.929191325702958287e-02 -7.780972632326924043e-02 -3.207418442954289989e-02
-3.931549192718017394e-02 -7.782798088507300593e-02 -3.207949177645228606e-02
-3.933856257918497135e-02 -7.784581316946165286e-02 -3.208463428268536199e-02
-3.936114785462833249e-02 -7.786323545407221325e-02 -3.208962524209838657e-02
-3.938326958614223050e-02 -7.788025765233055897e-02 -3.209448154930880093e-02
-3.940495227334523537e-02 -7.789687999869990276e-02 -3.209922161317167733e-02
-3.942621300644896798e-02 -7.791311418167037872e-02 -3.210385699624825062e-02
-3.944706594956323698e-02 -7.792897061589891539e-02 -3.210840197827782155e-02
-3.946753025812151788e-02 -7.794444840099967742e-02 -3.211286967041888929e-02
-3.948761915237671005e-02 -7.795955287515680954e-02 -3.211726689417157554e-02
-3.950734282962341248e-02 -7.797429208493457387e-02 -3.212159788109794634e-02
-3.952671245349558687e-02 -7.798866960721434483e-02 -3.212586612263373248e-02
-3.954573801594567228e-02 -7.800268892680412014e-02 -3.213007150996600308e-02
-3.956442684895203343e-02 -7.801635573909240784e-02 -3.213421147778015852e-02
-3.958278564679820061e-02 -7.802967589441811569e-02 -3.213828218988033086e-02
-3.960082105953606491e-02 -7.804265383436327641e-02 -3.214227956915030604e-02
-3.961853915897028955e-02 -7.805529489332341253e-02 -3.214619831266199435e-02
-3.963594473194084755e-02 -7.806760629431466758e-02 -3.215003326495205482e-02
-3.965304293275355441e-02 -7.807959501152199333e-02 -3.215378028937230376e-02
-3.966983770912707596e-02 -7.809127064313134414e-02 -3.215743581171140453e-02
-3.968633221888773210e-02 -7.810264399780919575e-02 -3.216099828737309374e-02
-3.970253069499678211e-02 -7.811372344139223822e-02 -3.216446866560652984e-02
-3.971843550439781156e-02 -7.812452105850015149e-02 -3.216784784334039693e-02
-3.973404795349251561e-02 -7.813504957631856040e-02 -3.217113943722730435e-02
-3.974937215930801626e-02 -7.814531602322041803e-02 -3.217434945228759419e-02
-3.976440893366706142e-02 -7.815533380809071284e-02 -3.217748169044520878e-02
-3.977915710080976580e-02 -7.816511824645690221e-02 -3.218054229410473310e-02
-3.979361911621558112e-02 -7.817467716911678799e-02 -3.218353965835112074e-02
-3.980779428861694336e-02 -7.818402337956276149e-02 -3.218647915784465796e-02
-3.982168408720563463e-02 -7.819316190392486265e-02 -3.218936913446474729e-02
-3.983529229749584177e-02 -7.820209547061243716e-02 -3.219221377871123169e-02
-3.984861752972251869e-02 -7.821083509756482366e-02 -3.219501439908807605e-02
-3.986166135729243831e-02 -7.821938707379191835e-02 -3.219777354387935719e-02
-3.987442444445749024e-02 -7.822775975101733947e-02 -3.220049138510585468e-02
-3.988691030707654239e-02 -7.823595267452279622e-02 -3.220317027608404770e-02
-3.989912060858072373e-02 -7.824397212918257627e-02 -3.220580599765456020e-02
-3.991105709694658943e-02 -7.825182000408063832e-02 -3.220839823303500715e-02
-3.992272479426496601e-02 -7.825949796030089167e-02 -3.221094230809638803e-02
-3.993412221428276759e-02 -7.826701736698513101e-02 -3.221343371255944166e-02
-3.994525357122908488e-02 -7.827438089041854896e-02 -3.221587140092614654e-02
-3.995612343610495387e-02 -7.828158982606470140e-02 -3.221825391371509195e-02
-3.996673492472950506e-02 -7.828864865608582690e-02 -3.222057868412154386e-02
-3.997709071474912085e-02 -7.829556366030922254e-02 -3.222284428417790392e-02
-3.998719703375640255e-02 -7.830233491928928480e-02 -3.222505209752616478e-02
-3.999705702208140867e-02 -7.830897096103259236e-02 -3.222720027623642014e-02
-4.000667368377888722e-02 -7.831547807842489939e-02 -3.222929185446875289e-02
-4.001605691541637588e-02 -7.832185124440670110e-02 -3.223133126752022320e-02
-4.002521083172511096e-02 -7.832809650442579263e-02 -3.223331815891804925e-02
-4.003413945555864273e-02 -7.833421934327139402e-02 -3.223525537167988564e-02
-4.004285037762753130e-02 -7.834022043939306568e-02 -3.223714634368043952e-02
-4.005134945553506104e-02 -7.834610192176520715e-02 -3.223899378193771648e-02
-4.005964031586849855e-02 -7.835187084083836129e-02 -3.224079872931815555e-02
-4.006772590927662470e-02 -7.835753360783868915e-02 -3.224256457016980160e-02
-4.007561433856227096e-02 -7.836308565777500013e-02 -3.224429658851037106e-02
-4.008331014163538791e-02 -7.836852955784696928e-02 -3.224599466422880395e-02
-4.009081837725814168e-02 -7.837386445226959819e-02 -3.224766123023543180e-02
-4.009814552723615921e-02 -7.837909106560037031e-02 -3.224929520847193143e-02
-4.010529600670495465e-02 -7.838421103516518551e-02 -3.225089714443440947e-02
-4.011227536559692358e-02 -7.838922696336188267e-02 -3.225246552505286329e-02
-4.011908688474583040e-02 -7.839414239037720278e-02 -3.225400069522520174e-02
-4.012573837243861574e-02 -7.839895280216499507e-02 -3.225550376573791539e-02
-4.013223542769557561e-02 -7.840365712120597741e-02 -3.225697321906115245e-02
-4.013858140544102060e-02 -7.840825951098143176e-02 -3.225840662502255790e-02
-4.014478060114714392e-02 -7.841276270639170598e-02 -3.225980388640174029e-02
-4.015084041417917027e-02 -7.841716326414685523e-02 -3.226116638355622929e-02
-4.015676511868475351e-02 -7.842146418147813436e-02 -3.226249235484169448e-02
-4.016255745385525350e-02 -7.842566990903243607e-02 -3.226378221859803330e-02
-4.016822053483765087e-02 -7.842978586608959080e-02 -3.226503648876623276e-02
-4.017375940117604710e-02 -7.843381009849373364e-02 -3.226625953040093697e-02
-4.017918020496408921e-02 -7.843774044739265650e-02 -3.226745229095188960e-02
-4.018448461435841085e-02 -7.844158138026613436e-02 -3.226861515170845185e-02
-4.018967775834873801e-02 -7.844533250543941905e-02 -3.226975024228696115e-02
-4.019476085282994160e-02 -7.844900176235650169e-02 -3.227085707839985607e-02
-4.019973591684000008e-02 -7.845259231824494583e-02 -3.227193953389272119e-02
-4.020460970531844480e-02 -7.845609856694821249e-02 -3.227300120188104221e-02
-4.020938564660608144e-02 -7.845951945106033332e-02 -3.227404227237031659e-02
-4.021406363458002176e-02 -7.846286244399940102e-02 -3.227506073014496657e-02
-4.021864287443510655e-02 -7.846613599149951379e-02 -3.227605753760273699e-02
-4.022312934746902213e-02 -7.846933376362705270e-02 -3.227703768260158090e-02
-4.022752563640873830e-02 -7.847245649239256715e-02 -3.227799962455126653e-02
-4.023183130036392385e-02 -7.847550767039124242e-02 -3.227894346937307951e-02
-4.023604926155321948e-02 -7.847848807681603867e-02 -3.227986889358090694e-02
-4.024018100843172741e-02 -7.848139907182818953e-02 -3.228077630588442604e-02
-4.024423049040258549e-02 -7.848423827634876115e-02 -3.228166582687862912e-02
-4.024819796151110629e-02 -7.848701048047940221e-02 -3.228253521148134048e-02
-4.025208268963510749e-02 -7.848972193828218646e-02 -3.228338408112074037e-02
-4.025588652611365031e-02 -7.849237359611714593e-02 -3.228421416954768697e-02
-4.025961214545342726e-02 -7.849496349054860267e-02 -3.228502687599370258e-02
-4.026326094069448969e-02 -7.849749221741735006e-02 -3.228582172224191138e-02
-4.026683590645364214e-02 -7.849995725271372016e-02 -3.228659947134714103e-02
-4.027033956111857049e-02 -7.850235986129042165e-02 -3.228735827224508276e-02
-4.027377035153383023e-02 -7.850470868036779626e-02 -3.228809658027038954e-02
-4.027712983002056796e-02 -7.850700594411816335e-02 -3.228881663421307585e-02
-4.028041872769248105e-02 -7.850925469496397580e-02 -3.228951940394562958e-02
-4.028363864784575976e-02 -7.851145277149991497e-02 -3.229020794349826695e-02
-4.028679024784265206e-02 -7.851360249259675683e-02 -3.229088131542086348e-02
-4.028987353340028610e-02 -7.851570486396455828e-02 -3.229154142191578702e-02
-4.029289132921830968e-02 -7.851775946956782160e-02 -3.229218825127718601e-02
-4.029584313439980164e-02 -7.851977014827601908e-02 -3.229282198976630297e-02
-4.029873168585854093e-02 -7.852173568624051803e-02 -3.229344386186184385e-02
-4.030155667706295658e-02 -7.852366060288080984e-02 -3.229405286254063284e-02
-4.030431930952213526e-02 -7.852554449707500883e-02 -3.229465089202633588e-02
-4.030702201976741478e-02 -7.852738624180574667e-02 -3.229523770975217811e-02
-4.030966309873797865e-02 -7.852919127678140154e-02 -3.229581214893399027e-02
-4.031224416876357658e-02 -7.853095886860293751e-02 -3.229637576991256642e-02
-4.031476724912601284e-02 -7.853268819241498999e-02 -3.229692853916081574e-02
-4.031723223504690701e-02 -7.853438169145002257e-02 -3.229746983787015052e-02
-4.031964225994552620e-02 -7.853603577315734774e-02 -3.229800085687953293e-02
-4.032199780803961964e-02 -7.853765396781514641e-02 -3.229851908327269205e-02
-4.032429866846286293e-02 -7.853923889061056873e-02 -3.229902519734082628e-02
-4.032654763747080262e-02 -7.854078955646967564e-02 -3.229951949303801889e-02
-4.032874571747238623e-02 -7.854230590543194446e-02 -3.230000240835115277e-02
-4.033089375213995409e-02 -7.854378978151473067e-02 -3.230047301478869426e-02
-4.033299224322245413e-02 -7.854524232544149442e-02 -3.230093209930988418e-02
-4.033504319290526913e-02 -7.854666326198388171e-02 -3.230137990331961861e-02
-4.033704702197211250e-02 -7.854805420026962637e-02 -3.230181665907739391e-02
-4.033900640178679498e-02 -7.854941268006945809e-02 -3.230224350994850141e-02
-4.034092046345030824e-02 -7.855074435095368846e-02 -3.230265855843995199e-02
-4.034278974655935990e-02 -7.855204962097458998e-02 -3.230306432814872286e-02
-4.034461610677322896e-02 -7.855332905907802532e-02 -3.230346076419846751e-02
-4.034640031920690845e-02 -7.855458122284628142e-02 -3.230384998920760725e-02
