8.236141178521727557e-02 -5.560528394224868720e-02 2.847177097730299936e-02
2.697583566771258323e-02 -1.970443116857215071e-02 5.584448801823690273e-02
-4.765613643383105613e-02 1.185702367495498344e-01 7.871017629388822601e-02
-1.479663921533019844e-01 1.909799304693386990e-01 1.149564432690096394e-01
-2.435295241971799085e-01 2.160482576801081023e-01 1.548186863703354954e-01
-3.155998066281403003e-01 1.987222337668381189e-01 1.878345585778610216e-01
-3.627009014922627506e-01 1.575952947555669947e-01 1.998781766630473578e-01
-3.913841867352921278e-01 1.107994518574878517e-01 1.831049626674572106e-01
-4.083087511576669049e-01 6.942957204402916416e-02 1.379285582703645430e-01
-4.176170427995213319e-01 3.718239177836162035e-02 7.138575562234629468e-02
-4.195280013932933816e-01 1.125880473138463241e-02 -6.220910304956722703e-03
-4.134650586161245367e-01 -1.022792168084033990e-02 -8.545654496824732493e-02
-3.990469821911963866e-01 -2.735599190870745961e-02 -1.577784633717034535e-01
-3.756597757721951147e-01 -4.002578330290722242e-02 -2.162557083048206041e-01
-3.440661972601103402e-01 -4.713118156468843606e-02 -2.563182344009631297e-01
-3.063144786142615872e-01 -4.751125098348237680e-02 -2.756480416345509221e-01
-2.655255182304465666e-01 -4.030669594368112285e-02 -2.740026937578706745e-01
-2.249426854594488157e-01 -2.620104802425843316e-02 -2.526019069460098132e-01
-1.872849846039585930e-01 -7.298071760399850449e-03 -2.141908077849537240e-01
-1.546893406046567221e-01 1.383634964689407776e-02 -1.627700139071441843e-01
-1.282123031912463795e-01 3.429979063424196811e-02 -1.030819943628871055e-01
-1.077869716061420485e-01 5.115905277278168239e-02 -4.021232190946186225e-02
-9.324174054988562665e-02 6.357918987439033220e-02 2.033696391970548495e-02
-8.391262776473445983e-02 7.104664956035190715e-02 7.425692918406989751e-02
-7.790358183545408044e-02 7.184724417546678454e-02 1.183150281097529594e-01
-7.336947370902642540e-02 6.472944796194343708e-02 1.498779884134929796e-01
-6.874870587031492453e-02 4.954247631109689326e-02 1.670311269551566780e-01
-6.311972132162219085e-02 2.786937916403438645e-02 1.688504352081031668e-01
-5.602336693340259632e-02 2.222966883433979447e-03 1.559143172683754575e-01
-4.738392534409165135e-02 -2.456048093255451190e-02 1.301756241834706174e-01
-3.747582418238845636e-02 -4.996456313353532519e-02 9.478595085311852797e-02
-2.658079430710190774e-02 -7.242383813139399718e-02 5.360674700226233935e-02
-1.514134522546226047e-02 -9.082115406335061758e-02 1.053444547599730746e-02
-3.434081656752820816e-03 -1.048788188292463647e-01 -3.065519594894890870e-02
8.452005735153303098e-03 -1.147368703727182498e-01 -6.687825829352944673e-02
2.009185263153526538e-02 -1.199609002214527403e-01 -9.595275429732916250e-02
3.089981667662802800e-02 -1.199121859948355795e-01 -1.163337990891839119e-01
4.044064019821394518e-02 -1.146110534716480722e-01 -1.269515018950051477e-01
4.852896966078922708e-02 -1.050474205492607227e-01 -1.274194451788510651e-01
5.505199599993766679e-02 -9.268612286856287019e-02 -1.182763920337169816e-01
5.985935524332404445e-02 -7.887226919946183079e-02 -1.009509372778466668e-01
6.307875426313053202e-02 -6.522643182928483663e-02 -7.732332694053664635e-02
6.489124198736360982e-02 -5.289269879148407461e-02 -4.985969245217593271e-02
6.529567352753784526e-02 -4.237212376592297547e-02 -2.109780293943724905e-02
6.453411712679399392e-02 -3.427410040767813609e-02 6.677510404893729004e-03
6.290610003609770073e-02 -2.918666030286971858e-02 3.144969022122319491e-02
6.072009288473925737e-02 -2.755030400157424883e-02 5.150556615510189923e-02
5.816741478598526360e-02 -2.931764692885729939e-02 6.548481018791531272e-02
5.531870800799231630e-02 -3.393398989162569462e-02 7.256357026788859410e-02
5.216417987248116866e-02 -4.046978430076644817e-02 7.254784488477454552e-02
4.877156514215423566e-02 -4.814947575314046380e-02 6.597650151743413016e-02
4.521062410705875556e-02 -5.620122024295767793e-02 5.380383770121262288e-02
4.137114465117772144e-02 -6.364707868031313498e-02 3.732444040046281608e-02
3.729627639129794170e-02 -6.990425588043744365e-02 1.819343882072830057e-02
3.320478138956739489e-02 -7.483546719084911703e-02 -1.856982843287139848e-03
2.924121024788589249e-02 -7.824598071565203039e-02 -2.131493280604595392e-02
2.551371363028047401e-02 -7.997963382333704574e-02 -3.883313415829778292e-02
2.222949170175695516e-02 -8.015903434319369969e-02 -5.329028148313717794e-02
1.947065248146695113e-02 -7.883090482789320563e-02 -6.396786054971256852e-02
1.714440820455868236e-02 -7.593404280506768633e-02 -7.048176938359401733e-02
1.513897747500031303e-02 -7.160027662780221736e-02 -7.269293312457961176e-02
1.332370600948320355e-02 -6.614349078804701576e-02 -7.076198390720220277e-02
1.152946390156917890e-02 -5.996772976262751409e-02 -6.514378439803034104e-02
9.562134133127753524e-03 -5.344709300268882246e-02 -5.655644953674134751e-02
7.295148227018512926e-03 -4.704472106376033497e-02 -4.583590934968455322e-02
4.734785577421373771e-03 -4.132828764121736914e-02 -3.392111707811126114e-02
1.942065784139062907e-03 -3.680749713058568268e-02 -2.181545842902578997e-02
-1.009949717598800263e-03 -3.377870096979516956e-02 -1.053367114352799644e-02
-4.058000044482365683e-03 -3.232015774288805876e-02 -9.606056540107633067e-04
-7.145266734307953796e-03 -3.231641794482617569e-02 6.212602211951629219e-03
-1.023283874925200350e-02 -3.354827179381984770e-02 1.057307637907829723e-02
-1.324567993599294266e-02 -3.582140081372071905e-02 1.198612659221960988e-02
-1.612274275622328085e-02 -3.889908193325457980e-02 1.054155193495844717e-02
-1.881078440446212058e-02 -4.250642739695191519e-02 6.534698622191270102e-03
-2.126074774149159380e-02 -4.633000286046788652e-02 4.282576861567577442e-04
-2.341405196923814630e-02 -5.008477521070553440e-02 -7.171379806512092649e-03
-2.520394930684454610e-02 -5.353540104432010643e-02 -1.558953520414450671e-02
-2.659651605552476594e-02 -5.646362891285010288e-02 -2.414681363110026541e-02
-2.758227001997606148e-02 -5.870197508248169854e-02 -3.219974855821801374e-02
-2.816118961933915948e-02 -6.018152299887563617e-02 -3.917876113057301712e-02
-2.835264356265503397e-02 -6.090571016962972872e-02 -4.464709495973232661e-02
-2.821152606585670269e-02 -6.091163716797658861e-02 -4.832286884244486880e-02
-2.780189102026073278e-02 -6.029600301388082784e-02 -5.007404191865346549e-02
-2.718977368734300237e-02 -5.920754199549345398e-02 -4.992196877651595976e-02
-2.644627557107393639e-02 -5.782096067447758253e-02 -4.803268529640704332e-02
-2.564008942862258666e-02 -5.632456168602868740e-02 -4.469205919245488462e-02
-2.484771306486358716e-02 -5.487125152266660727e-02 -4.028335792080079553e-02
-2.413662585935231336e-02 -5.360337623084247133e-02 -3.522819185516419538e-02
-2.354174932078945820e-02 -5.267417814626971367e-02 -2.995838229129780053e-02
-2.309093088079344075e-02 -5.219084039482300985e-02 -2.489952544066817777e-02
-2.278969332791890706e-02 -5.223435409712538779e-02 -2.042523814669082102e-02
-2.262234179138669643e-02 -5.284095222507558670e-02 -1.684557730370305970e-02
-2.257128821625037363e-02 -5.397943128101762023e-02 -1.438407759489658717e-02
-2.260855675954843297e-02 -5.557450717367179438e-02 -1.315953897812238531e-02
-2.270071787535360430e-02 -5.752193864380742566e-02 -1.318237338299028255e-02
-2.280695428268504632e-02 -5.971296988748411860e-02 -1.436216804484018172e-02
-2.288759063807583802e-02 -6.203245436729595830e-02 -1.653022771719393075e-02
-2.291450461531698707e-02 -6.435091587307978367e-02 -1.945998118158486639e-02
-2.287033796402331703e-02 -6.653691237131960368e-02 -2.288263994852215294e-02
-2.274012299765821796e-02 -6.848790586831934868e-02 -2.650440840833144171e-02
-2.251354903948159236e-02 -7.013416645294159868e-02 -3.003831283884665984e-02
-2.220270490285202944e-02 -7.140849312960258211e-02 -3.323304995688090846e-02
-2.183471670780004134e-02 -7.226332040963516501e-02 -3.587585930926561611e-02
-2.143747598025518702e-02 -7.269364802697252104e-02 -3.780394803366741302e-02
-2.104264053764599851e-02 -7.273016913914784332e-02 -3.891849817668902728e-02
-2.068203322753529166e-02 -7.243414185637067626e-02 -3.918969733601478794e-02
-2.038341826954040079e-02 -7.189006349275985086e-02 -3.865513005693110848e-02
-2.016907502128695642e-02 -7.119299325459167715e-02 -3.741390798947635127e-02
-2.005639141803693820e-02 -7.043591694242416767e-02 -3.561436212086366293e-02
-2.005566621670164598e-02 -6.970625963780716083e-02 -3.343674695564555210e-02
-2.017151372352490174e-02 -6.907784995925028704e-02 -3.107818189745165105e-02
-2.040338000400331031e-02 -6.860897462553963710e-02 -2.873446490207151247e-02
-2.074481480147007811e-02 -6.834071601372017357e-02 -2.658624108942767711e-02
-2.118632953419210402e-02 -6.829205204319463429e-02 -2.478669989767166848e-02
-2.171419034463133169e-02 -6.846275230712785265e-02 -2.345078279050633041e-02
-2.231092279695432237e-02 -6.883531659772337830e-02 -2.264953727113321741e-02
-2.295671298186099940e-02 -6.937727617895492194e-02 -2.240818213197587686e-02
-2.363097923710220233e-02 -7.004392210139148700e-02 -2.270789791231809379e-02
-2.431398918426794578e-02 -7.078229939997600362e-02 -2.349021211345207749e-02
-2.498771235045679426e-02 -7.153675884111411476e-02 -2.466407135344215323e-02
-2.563666376868855082e-02 -7.225436463008913512e-02 -2.611509446748478888e-02
-2.624870507729164248e-02 -7.288886055875395953e-02 -2.771638882389204292e-02
-2.681635801802379274e-02 -7.340196191031783668e-02 -2.933961026205119185e-02
-2.733695782967392879e-02 -7.376550129774522846e-02 -3.086424421175380448e-02
-2.781166093643527848e-02 -7.396422812362982158e-02 -3.218565692538970235e-02
-2.824490822136288548e-02 -7.399646181083729957e-02 -3.322202753955040555e-02
-2.864382614547050440e-02 -7.387323338406262541e-02 -3.391909412221055797e-02
-2.901725445993078023e-02 -7.361664201355690162e-02 -3.425234591248089988e-02
-2.937467809810642011e-02 -7.325751623572021587e-02 -3.422677043772183458e-02
-2.972523745495806238e-02 -7.283253523179954170e-02 -3.387439192881511185e-02
-3.007689383692822155e-02 -7.238108158006448245e-02 -3.324992061181722414e-02
-3.043578311714985676e-02 -7.194209016124204770e-02 -3.242498578009399973e-02
-3.080578945312475309e-02 -7.155114423872704910e-02 -3.148147660450132529e-02
-3.118833205341328338e-02 -7.123803869143215117e-02 -3.050456674795348072e-02
-3.158238153182111457e-02 -7.102493216692495892e-02 -2.957597924184714178e-02
-3.198466960008390647e-02 -7.092521538171461803e-02 -2.876797783838643680e-02
-3.239003858072592168e-02 -7.094318103354914362e-02 -2.813848908916536523e-02
-3.279213404276097588e-02 -7.107393165940910362e-02 -2.772778930569535019e-02
-3.318395937320701983e-02 -7.130453838633570018e-02 -2.755644254765637208e-02
-3.355804477329764335e-02 -7.161642000675334796e-02 -2.762496814960112290e-02
-3.390701532876089219e-02 -7.198726402893138032e-02 -2.791544683042248426e-02
-3.422452920363520251e-02 -7.239211029257186514e-02 -2.839451745661553117e-02
-3.450608136511036650e-02 -7.280456542607324777e-02 -2.901693874133936743e-02
-3.474883715345537111e-02 -7.319984460242434654e-02 -2.972927877069351035e-02
-3.495153472704613795e-02 -7.355707212258211225e-02 -3.047467488520590878e-02
-3.511490529508728281e-02 -7.386008128856144661e-02 -3.119764217640154380e-02
-3.524148640159562029e-02 -7.409827409087560435e-02 -3.184817646936553143e-02
-3.533529210965222905e-02 -7.426702394277827357e-02 -3.238515333395713264e-02
-3.540145574573556192e-02 -7.436755359701127666e-02 -3.277883566246255626e-02
-3.544583188607933200e-02 -7.440638763943420442e-02 -3.301233305463012468e-02
-3.547458217563998623e-02 -7.439444380436949222e-02 -3.308198609052459549e-02
-3.549378196543734321e-02 -7.434583907012359827e-02 -3.299672151353117561e-02
-3.550905324353621079e-02 -7.427655284137738012e-02 -3.277648702696156491e-02
-3.552525361900937123e-02 -7.420304067533367576e-02 -3.244996144030098256e-02
-3.554624143150137555e-02 -7.414091362066527191e-02 -3.205175702991148318e-02
-3.557472757865973167e-02 -7.410377215029179121e-02 -3.161937224468576446e-02
-3.561222712161293824e-02 -7.410227014477330232e-02 -3.119013768538293763e-02
-3.565925925373282512e-02 -7.414312442386217228e-02 -3.079846719187525478e-02
-3.571539618512653558e-02 -7.422905527786743951e-02 -3.047324306817973671e-02
-3.577906601154236255e-02 -7.435955440422525875e-02 -3.023592561622211877e-02
-3.584789700276618668e-02 -7.453094610563430755e-02 -3.009973643962107412e-02
-3.591927642955955458e-02 -7.473625287142646179e-02 -3.006939958981417679e-02
-3.599055081901955666e-02 -7.496596673178325398e-02 -3.014121609140255759e-02
-3.605913230289577859e-02 -7.520920257791230412e-02 -3.030385616089580417e-02
-3.612283648759230525e-02 -7.545451004323083799e-02 -3.053983441438894164e-02
-3.618030307916299260e-02 -7.569033984286288597e-02 -3.082735180545929238e-02
-3.623088406632206382e-02 -7.590643894807036496e-02 -3.114196584212483229e-02
-3.627446315468622895e-02 -7.609486139400732652e-02 -3.145875287991729830e-02
-3.631168136644361000e-02 -7.625002106428470372e-02 -3.175440552838171282e-02
-3.634378997926102084e-02 -7.636893869787933498e-02 -3.200886800545486160e-02
-3.637248069564377739e-02 -7.645129204228423569e-02 -3.220661823637445409e-02
-3.639973780567108685e-02 -7.649925079111769000e-02 -3.233753085801842342e-02
-3.642768974991696107e-02 -7.651713582653335566e-02 -3.239727328044617050e-02
-3.645846248582813171e-02 -7.651093505022940611e-02 -3.238723234485739455e-02
-3.649402435507505260e-02 -7.648775136603951086e-02 -3.231400209287692282e-02
-3.653604926037906653e-02 -7.645519055073272952e-02 -3.218852061298024120e-02
-3.658580426399141855e-02 -7.642076034511760541e-02 -3.202492731065347681e-02
-3.664405981166755227e-02 -7.639133170620623914e-02 -3.183925998452014072e-02
-3.671096124759802570e-02 -7.637286836082435304e-02 -3.164806061141564597e-02
-3.678601946305501413e-02 -7.637004920750276038e-02 -3.146717265779887251e-02
-3.686838858846590294e-02 -7.638555678128129689e-02 -3.131070009502760071e-02
-3.695694750616314306e-02 -7.642002760809572803e-02 -3.118990253096320248e-02
-3.705026032941184655e-02 -7.647242550476897327e-02 -3.111244997543390067e-02
-3.714674218114535215e-02 -7.654025646059593735e-02 -3.108212633806896677e-02
-3.724478852578608223e-02 -7.661988012722387165e-02 -3.109883078532071216e-02
-3.734285779817438089e-02 -7.670689534125965658e-02 -3.115886730587900944e-02
-3.743954717323525611e-02 -7.679653477150576169e-02 -3.125548912239409227e-02
-3.753365080907413581e-02 -7.688406873390617180e-02 -3.137963032845708655e-02
-3.762420298876584246e-02 -7.696518517662209735e-02 -3.152076385411346771e-02
-3.771051849787825094e-02 -7.703629037456713458e-02 -3.166781820704740735e-02
-3.779215596478828487e-02 -7.709486419711286675e-02 -3.181003553855227955e-02
-3.786894265563274520e-02 -7.713950626873494754e-02 -3.193784725688314508e-02
-3.794107011931677903e-02 -7.716975828234551305e-02 -3.204353803812944740e-02
-3.800900266004322847e-02 -7.718615813256300695e-02 -3.212161652513895183e-02
-3.807337375374366534e-02 -7.719023659864637787e-02 -3.216904967924757996e-02
-3.813494472939839286e-02 -7.718432484622993195e-02 -3.218533793560693357e-02
-3.819453152132312040e-02 -7.717132828498930730e-02 -3.217237340853258687e-02
-3.825290874047576617e-02 -7.715449246433075947e-02 -3.213412278287910984e-02
-3.831066461590265648e-02 -7.713729013571206383e-02 -3.207615055197078624e-02
-3.836818630383923012e-02 -7.712303314169449697e-02 -3.200517779703036803e-02
-3.842573678219095290e-02 -7.711444225374086692e-02 -3.192849319909037142e-02
-3.848338072228761619e-02 -7.711357623573157627e-02 -3.185328425069309383e-02
-3.854098482930283509e-02 -7.712176431958586709e-02 -3.178608822721486205e-02
-3.859826875054209877e-02 -7.713955123136309600e-02 -3.173234423214946892e-02
-3.865483557904410283e-02 -7.716672737718162367e-02 -3.169605337786933485e-02
-3.871021461154962318e-02 -7.720238575003930681e-02 -3.167958014098963548e-02
-3.876389252415577552e-02 -7.724505603525858022e-02 -3.168357735903641614e-02
-3.881535260988970559e-02 -7.729284743520684064e-02 -3.170706555134145815e-02
-3.886411920393156860e-02 -7.734362067203248703e-02 -3.174761669384879026e-02
-3.890978786940732514e-02 -7.739517204505905190e-02 -3.180164602723273282e-02
-3.895206428050312919e-02 -7.744539710654357867e-02 -3.186476793735867202e-02
-3.899078242416978424e-02 -7.749244634776639162e-02 -3.193218917249969480e-02
-3.902591521057324764e-02 -7.753485175232918691e-02 -3.199910275633128381e-02
-3.905757488686287249e-02 -7.757160497510476316e-02 -3.206106226388106412e-02
-3.908600694405479914e-02 -7.760219191994431609e-02 -3.211429562381128144e-02
-3.911156413535386150e-02 -7.762660167887680540e-02 -3.215594362813524454e-02
-3.913467667446169501e-02 -7.764529595138111584e-02 -3.218421363820067604e-02
-3.915582943737305754e-02 -7.765911833414335108e-02 -3.219844974815123939e-02
-3.917552957021199628e-02 -7.766920293132614783e-02 -3.219909467278495724e-02
-3.919426090099437793e-02 -7.767688657926968832e-02 -3.218757617586476272e-02
-3.921246835575949857e-02 -7.768356670791939922e-02 -3.216613927871341677e-02
-3.923053522275543603e-02 -7.769058810977166885e-02 -3.213761081541304659e-02
-3.924875534751701839e-02 -7.769915680373358502e-02 -3.210514024599192551e-02
-3.926733227450447672e-02 -7.771023970796429869e-02 -3.207194290435322337e-02
-3.928637579150542902e-02 -7.772450904331401622e-02 -3.204104482895833023e-02
-3.930590427876537452e-02 -7.774230991209814257e-02 -3.201506699964224573e-02
-3.932585600728080721e-02 -7.776365915242397509e-02 -3.199605093855961008e-02
-3.934610297639289794e-02 -7.778826592845752841e-02 -3.198534766484403824e-02
-3.936647229195053277e-02 -7.781557394770394209e-02 -3.198356250421281743e-02
-3.938677021042619186e-02 -7.784481034400222987e-02 -3.199056709564544049e-02
-3.940680308775994928e-02 -7.787506400001784068e-02 -3.200555427447426132e-02
-3.942638756298785796e-02 -7.790537794484056477e-02 -3.202714896656588817e-02
-3.944537604715996071e-02 -7.793481159125306701e-02 -3.205355970514595088e-02
-3.946366495548148112e-02 -7.796251855533208042e-02 -3.208274191149787513e-02
-3.948120340030366465e-02 -7.798779798970464916e-02 -3.211257732375986246e-02
-3.949799498406189602e-02 -7.801014367886885403e-02 -3.214103691552883113e-02
-3.951409446495327688e-02 -7.802926601681389740e-02 -3.216633545009996153e-02
-3.952960284287514170e-02 -7.804510272016906836e-02 -3.218704692146599766e-02
-3.954465509558102027e-02 -7.805780655153257697e-02 -3.220219365334499317e-02
-3.955941183013675366e-02 -7.806771749663456161e-02 -3.221128678204030621e-02
-3.957404168606198924e-02 -7.807532691574593786e-02 -3.221433145533861980e-02
-3.958871104830458815e-02 -7.808122810153256266e-02 -3.221179044916026163e-02
-3.960356785989133793e-02 -7.808606888415967062e-02 -3.220451715126550207e-02
-3.961873176076755737e-02 -7.809050011002657832e-02 -3.219366268214168825e-02
-3.963428866217871827e-02 -7.809511930498713728e-02 -3.218057037423669581e-02
-3.965028863583025531e-02 -7.810042628742600024e-02 -3.216665654154828718e-02
-3.966673300764320120e-02 -7.810681479192002619e-02 -3.215329121281332997e-02
-3.968358023137388835e-02 -7.811454222887795340e-02 -3.214170566295647402e-02
-3.970076135063213552e-02 -7.812370216032316073e-02 -3.213290940322206107e-02
-3.971817578384628095e-02 -7.813424912100550013e-02 -3.212761916105019711e-02
-3.973569857014478540e-02 -7.814601449238503528e-02 -3.212622936025811421e-02
-3.975319735542131444e-02 -7.815871978833532907e-02 -3.212880637401684114e-02
-3.977053762611304499e-02 -7.817201323654360268e-02 -3.213510406231793320e-02
-3.978759061039605083e-02 -7.818550555246361888e-02 -3.214460510004474303e-02
-3.980424440448071532e-02 -7.819879730717847754e-02 -3.215658229100633314e-02
-3.982040932676582379e-02 -7.821151404310029698e-02 -3.217016627959807390e-02
-3.983601828603852701e-02 -7.822334053730421732e-02 -3.218442199494848943e-02
-3.985103273530220258e-02 -7.823403533640324592e-02 -3.219842789505870245e-02
-3.986544454272572535e-02 -7.824344114492942648e-02 -3.221134483045806629e-02
-3.987927072990785082e-02 -7.825149750524848513e-02 -3.222247155082030162e-02
-3.989254595752435295e-02 -7.825824755242584418e-02 -3.223128808420496622e-02
-3.990532329056729194e-02 -7.826381615688804416e-02 -3.223748860101226243e-02
-3.991766773271900048e-02 -7.826839847216324197e-02 -3.224098472128033438e-02
-3.992964509277725088e-02 -7.827224607833450920e-02 -3.224189787196503343e-02
-3.994132291307245231e-02 -7.827563395212827624e-02 -3.224053725418786487e-02
-3.995275909844749063e-02 -7.827885051738071864e-02 -3.223735774421004202e-02
-3.996399805227968810e-02 -7.828217235208120850e-02 -3.223291945396861147e-02
-3.997507452233847736e-02 -7.828583390141574672e-02 -3.222783797833612962e-02
-3.998600800879257428e-02 -7.829001837384011453e-02 -3.222272977270231736e-02
-3.999680139195820050e-02 -7.829485071217159864e-02 -3.221816435785221366e-02
-4.000743892027968512e-02 -7.830040062021959013e-02 -3.221462310171861743e-02
-4.001789406802432753e-02 -7.830666807604624857e-02 -3.221247556361087755e-02
-4.002813421414969791e-02 -7.831358792088616294e-02 -3.221195407460687721e-02
-4.003812032424442641e-02 -7.832104215753228627e-02 -3.221314626827116029e-02
-4.004781177216003296e-02 -7.832887659768385247e-02 -3.221599558887525139e-02
-4.005716715471963063e-02 -7.833691865494031570e-02 -3.222031859068665710e-02
-4.006615487585213353e-02 -7.834498015775148705e-02 -3.222583053644333811e-02
-4.007475187649915671e-02 -7.835287933707951735e-02 -3.223217031701517549e-02
-4.008294265286969221e-02 -7.836045891224488469e-02 -3.223893409776915076e-02
-4.009072260553904476e-02 -7.836759362637392423e-02 -3.224571123442054182e-02
-4.009810215194774263e-02 -7.837418831705786348e-02 -3.225211855192569588e-02
-4.010510450778190239e-02 -7.838018694333281911e-02 -3.225782305457144256e-02
-4.011176130501740988e-02 -7.838557775699264707e-02 -3.226256450760540267e-02
-4.011811157282335616e-02 -7.839039230200475772e-02 -3.226616977558311589e-02
-4.012419500346441070e-02 -7.839470650641619520e-02 -3.226856063150437826e-02
-4.013005827916286961e-02 -7.839861182367841019e-02 -3.226975996715935463e-02
-4.013575046628806847e-02 -7.840221233820229840e-02 -3.226987465827576423e-02
-4.014130903099714931e-02 -7.840563448462557761e-02 -3.226907973852029266e-02
-4.014676820145157699e-02 -7.840899837243665849e-02 -3.226760868553945477e-02
-4.015215915010285352e-02 -7.841240684350418710e-02 -3.226572769716555544e-02
-4.015750189565393813e-02 -7.841594902835742620e-02 -3.226371060334663060e-02
-4.016280679371145301e-02 -7.841969307436048864e-02 -3.226181952789573815e-02
-4.016807732085941191e-02 -7.842367756391649403e-02 -3.226028749335825563e-02
-4.017331401082942927e-02 -7.842790369211397050e-02 -3.225930268389124583e-02
-4.017850840511565796e-02 -7.843235349893210029e-02 -3.225899066028690976e-02
-4.018364479995045757e-02 -7.843698997459172539e-02 -3.225941564296574970e-02
-4.018870867292118065e-02 -7.844175260883179401e-02 -3.226058013841449912e-02
-4.019368538563181104e-02 -7.844656496691726488e-02 -3.226242843208056849e-02
-4.019856044463011868e-02 -7.845134682441157192e-02 -3.226485203870586849e-02
-4.020332018292330223e-02 -7.845602058177150728e-02 -3.226770463489897489e-02
-4.020795655911374444e-02 -7.846051258211260426e-02 -3.227081609888875213e-02
-4.021246621873136862e-02 -7.846475951681197714e-02 -3.227400688261609918e-02
-4.021684955812006995e-02 -7.846871629994421615e-02 -3.227710083935834279e-02
-4.022110929872527163e-02 -7.847236003129959281e-02 -3.227994009665595410e-02
-4.022525363041697111e-02 -7.847568397769369430e-02 -3.228239772727373169e-02
-4.022929580319844350e-02 -7.847869547724008188e-02 -3.228438415344227902e-02
-4.023325056573918285e-02 -7.848141964549433525e-02 -3.228584912328622686e-02
-4.023713428333265674e-02 -7.848389389072812916e-02 -3.228678480670840734e-02
-4.024096220151485853e-02 -7.848616979653434689e-02 -3.228722096968524025e-02
-4.024474593635175845e-02 -7.848830840690888822e-02 -3.228722320017549802e-02
-4.024849758292273205e-02 -7.849036655723212741e-02 -3.228688664256764568e-02
-4.025222656259382081e-02 -7.849239583153415356e-02 -3.228632424878575408e-02
-4.025593628577806005e-02 -7.849444547647008164e-02 -3.228565543632919838e-02
-4.025963013736399976e-02 -7.849654642938422300e-02 -3.228500163119679689e-02
-4.026330902770848541e-02 -7.849871922050680184e-02 -3.228446974336747488e-02
-4.026696630804255106e-02 -7.850097928107045708e-02 -3.228414811913254967e-02
-4.027059545578694916e-02 -7.850332673409858575e-02 -3.228410318946373092e-02
-4.027418774358311471e-02 -7.850575024040518102e-02 -3.228437469656934150e-02
-4.027773276409143954e-02 -7.850822936018186926e-02 -3.228497405412580207e-02
-4.028121822640843425e-02 -7.851073914344475213e-02 -3.228588542638977793e-02
-4.028463610528723593e-02 -7.851324149652366691e-02 -3.228707215964213284e-02
-4.028797855533775701e-02 -7.851570154102656407e-02 -3.228847380140507234e-02
-4.029123560833650780e-02 -7.851809196268152991e-02 -3.229001733141007024e-02
-4.029440307506596680e-02 -7.852038488379443903e-02 -3.229162468714083523e-02
-4.029747952867106242e-02 -7.852255628844191648e-02 -3.229321790073631793e-02
-4.030046324664310342e-02 -7.852459557881272256e-02 -3.229472204162937843e-02
-4.030335600880279034e-02 -7.852649532169075908e-02 -3.229607683867972978e-02
-4.030616312931001310e-02 -7.852825579771301190e-02 -3.229723444495698204e-02
-4.030888592260796488e-02 -7.852989351651457062e-02 -3.229816380088743749e-02
-4.031153200694561484e-02 -7.853142103184615475e-02 -3.229885670282026111e-02
-4.031410943726340679e-02 -7.853285688350536420e-02 -3.229931989655425439e-02
-4.031662359774255966e-02 -7.853422584043387444e-02 -3.229957638341773851e-02
-4.031908061091316053e-02 -7.853555356929120546e-02 -3.229966233218389826e-02
-4.032148745892971675e-02 -7.853685992616726841e-02 -3.229962560180728304e-02
-4.032385015742993850e-02 -7.853816380211658954e-02 -3.229951639048341677e-02
-4.032616867774307945e-02 -7.853948819516676227e-02 -3.229938525130766902e-02
-4.032844253916674504e-02 -7.854085016423026366e-02 -3.229928193850017254e-02
-4.033067216801645982e-02 -7.854225506406292689e-02 -3.229925201386801142e-02
-4.033285887799164388e-02 -7.854369777976465128e-02 -3.229933063370703239e-02
-4.033500161145683188e-02 -7.854517095525796744e-02 -3.229953886948665892e-02
-4.033709460164053295e-02 -7.854667336270867994e-02 -3.229988314166325897e-02
-4.033913424613767840e-02 -7.854819486739519907e-02 -3.230036305966819260e-02
-4.034111971951009901e-02 -7.854971940068516956e-02 -3.230096620046141870e-02
-4.034304955673508053e-02 -7.855122802108102653e-02 -3.230167148589853376e-02
-4.034492193350913691e-02 -7.855270678291167985e-02 -3.230244734996233491e-02
-4.034673215751242992e-02 -7.855414887821775272e-02 -3.230325951137981433e-02
-4.034848407599807285e-02 -7.855553556129080128e-02 -3.230407683807074576e-02
-4.035018064035105628e-02 -7.855685596528504122e-02 -3.230486446502311981e-02
-4.035181962345267548e-02 -7.855811349407504363e-02 -3.230559059832092961e-02
-4.035340518508528235e-02 -7.855930502703969975e-02 -3.230623445907968017e-02
-4.035494431004616606e-02 -7.856042714064311039e-02 -3.230678088882719262e-02
-4.035644061414998124e-02 -7.856148573257827616e-02 -3.230722017196269169e-02
-4.035789848262600482e-02 -7.856248892472487977e-02 -3.230755169966906259e-02
-4.035932118657208079e-02 -7.856345005711815044e-02 -3.230778170075609967e-02
-4.036071230838347845e-02 -7.856438023940801041e-02 -3.230792558014052018e-02
-4.036207416393475939e-02 -7.856529323794012032e-02 -3.230800179399878624e-02
-4.036340955950802611e-02 -7.856619606137825451e-02 -3.230803550613196851e-02
-4.036472403127835257e-02 -7.856709031485012429e-02 -3.230805049075029245e-02
-4.036601612586579457e-02 -7.856798735844885972e-02 -3.230806678572353818e-02
-4.036728554908972783e-02 -7.856889391863500216e-02 -3.230810530210897341e-02
-4.036853404449491228e-02 -7.856980971153129656e-02 -3.230818421299946896e-02
-4.036976150669524532e-02 -7.857073343279177835e-02 -3.230831570957060778e-02
-4.037096844589507100e-02 -7.857165892570461274e-02 -3.230850722059427915e-02
-4.037215300846620780e-02 -7.857258435937777841e-02 -3.230875788436107787e-02
-4.037331325712702201e-02 -7.857350500967341667e-02 -3.230906467980850655e-02
-4.037445046027142437e-02 -7.857441125727013254e-02 -3.230941975803945654e-02
-4.037556202950361162e-02 -7.857529997913671738e-02 -3.230980998213651978e-02
-4.037664839252870508e-02 -7.857616251689744646e-02 -3.231022273055599719e-02
-4.037771060495975312e-02 -7.857699220211439295e-02 -3.231064195127683614e-02
-4.037874888277082075e-02 -7.857778422914973859e-02 -3.231105253987499870e-02
-4.037976327250070857e-02 -7.857853907240186508e-02 -3.231143884168846681e-02
-4.038075077432027454e-02 -7.857926374837626016e-02 -3.231178903879952657e-02
-4.038171381277894101e-02 -7.857995606619302964e-02 -3.231209829144540691e-02
-4.038265456726745917e-02 -7.858061583426215191e-02 -3.231236226062680211e-02
-4.038357422814170539e-02 -7.858124452201745158e-02 -3.231258019306519624e-02
-4.038447802171193229e-02 -7.858183902046178559e-02 -3.231275465627328480e-02
-4.038536481767586450e-02 -7.858241188659333132e-02 -3.231288597740482327e-02
-4.038623503904996415e-02 -7.858297002089922878e-02 -3.231298366970525998e-02
-4.038709206754363679e-02 -7.858351715100114765e-02 -3.231305693986675359e-02
-4.038793465602519284e-02 -7.858405950433458576e-02 -3.231311668360091482e-02
-4.038876559547879830e-02 -7.858459549047676351e-02 -3.231317426157984118e-02
-4.038958345166805686e-02 -7.858513011717684071e-02 -3.231323728582884136e-02
-4.039038747305655902e-02 -7.858566518369111686e-02 -3.231331440144628170e-02
-4.039117822317905837e-02 -7.858620038542823982e-02 -3.231341164287097889e-02
-4.039195564707120933e-02 -7.858673356026016354e-02 -3.231353355166154823e-02
-4.039271988203603503e-02 -7.858726267463025938e-02 -3.231368074132243140e-02
-4.039346796768339409e-02 -7.858779027642869008e-02 -3.231385128413764851e-02
-4.039419998198257034e-02 -7.858831228074887598e-02 -3.231404400520470482e-02
-4.039491682214883111e-02 -7.858882323465299358e-02 -3.231425454898002869e-02
-4.039561761741406604e-02 -7.858932049424119382e-02 -3.231447642712294288e-02
-4.039630135491139445e-02 -7.858980369265786137e-02 -3.231470212503620432e-02
-4.039696826465516422e-02 -7.859027038824334399e-02 -3.231492576066412326e-02
-4.039761757873117781e-02 -7.859072236553031610e-02 -3.231513997309315434e-02
-4.039824812980418595e-02 -7.859116082223868704e-02 -3.231534067175258207e-02
-4.039886333250689021e-02 -7.859157979387176862e-02 -3.231552559738337660e-02
-4.039946342796536805e-02 -7.859198043859313976e-02 -3.231569033585612177e-02
-4.040004847061735155e-02 -7.859236487128140602e-02 -3.231583340671626003e-02
-4.040062036837897830e-02 -7.859273413032465128e-02 -3.231595485775476395e-02
-4.040117926641484392e-02 -7.859309213727191934e-02 -3.231605588853420780e-02
-4.040172628982089537e-02 -7.859344058547707013e-02 -3.231613993505974558e-02
-4.040226121810179538e-02 -7.859378369754051186e-02 -3.231621017867043755e-02
-4.040278432770683104e-02 -7.859412272294891144e-02 -3.231627218145748104e-02
-4.040329700549666336e-02 -7.859445738778811363e-02 -3.231633051330622119e-02
-4.040379889144642134e-02 -7.859478930518348783e-02 -3.231638917239108844e-02
-4.040429129598660518e-02 -7.859511716302186590e-02 -3.231645216839305196e-02
-4.040477353374044567e-02 -7.859544375640287184e-02 -3.231652111391036114e-02
-4.040524336542306721e-02 -7.859577365352603262e-02 -3.231659793892828481e-02
-4.040570309335144578e-02 -7.859610111756826223e-02 -3.231668666125929457e-02
-4.040615356117754908e-02 -7.859642369342995094e-02 -3.231678618607150555e-02
-4.040659389548029862e-02 -7.859674016458739754e-02 -3.231689542580376551e-02
-4.040702498931596914e-02 -7.859704897306481197e-02 -3.231701157450238282e-02
-4.040744624508083027e-02 -7.859735025801981023e-02 -3.231713200153808752e-02
-4.040785642565543345e-02 -7.859764707871411127e-02 -3.231725286518412343e-02
-4.040825480382382456e-02 -7.859793907908396715e-02 -3.231737324624660290e-02
-4.040864403389725357e-02 -7.859822037480468371e-02 -3.231749178069109191e-02
-4.040902236617710530e-02 -7.859849358924006490e-02 -3.231760421276028833e-02
-4.040939056667434276e-02 -7.859875649016587196e-02 -3.231770993980917495e-02
-4.040974894856903116e-02 -7.859901139489666733e-02 -3.231780583393956824e-02
-4.041009524860707941e-02 -7.859926323027066619e-02 -3.231789167998111445e-02
-4.041043429254158326e-02 -7.859950413471065989e-02 -3.231797052627228412e-02
-4.041076669743121769e-02 -7.859973523827035180e-02 -3.231804035306561074e-02
-4.041109004412195976e-02 -7.859996233691440848e-02 -3.231810116394890492e-02
-4.041140639779671612e-02 -7.860018440449853538e-02 -3.231815564013477970e-02
-4.041171739163497423e-02 -7.860039999808793310e-02 -3.231820583617271009e-02
-4.041202224338336091e-02 -7.860061225736789114e-02 -3.231825217848310894e-02
-4.041232073398718511e-02 -7.860082216066616168e-02 -3.231829717853884620e-02
-4.041261418268141115e-02 -7.860102846725242065e-02 -3.231834275073293405e-02
-4.041290219923094479e-02 -7.860123193786042184e-02 -3.231838998258696610e-02
-4.041318392832055767e-02 -7.860143469687740081e-02 -3.231843938551932915e-02
-4.041346062274377149e-02 -7.860163345037932126e-02 -3.231849324782686689e-02
-4.041373279332098611e-02 -7.860182787570638152e-02 -3.231855046581995350e-02
-4.041399822078872717e-02 -7.860202121529155650e-02 -3.231861037632891703e-02
-4.041425932873726756e-02 -7.860220845006583856e-02 -3.231867418317064394e-02
-4.041451570132423288e-02 -7.860239077798808482e-02 -3.231873924779558871e-02
-4.041476430490125588e-02 -7.860257316885371770e-02 -3.231880407064085386e-02
-4.041500618597052008e-02 -7.860275331278919475e-02 -3.231886960639679396e-02
-4.041524310969345224e-02 -7.860292683169306516e-02 -3.231893570646735686e-02
-4.041547439943708048e-02 -7.860309460230893719e-02 -3.231899987149857573e-02
-4.041570096957004810e-02 -7.860325445787444409e-02 -3.231906182583461212e-02
-4.041592380348586755e-02 -7.860340683896718805e-02 -3.231911933816889598e-02
-4.041614095257685391e-02 -7.860355647516839572e-02 -3.231917123637710609e-02
-4.041635393209266902e-02 -7.860370163591888504e-02 -3.231921890488518440e-02
-4.041656283435376973e-02 -7.860384298060950348e-02 -3.231926205842527988e-02
-4.041676600898447963e-02 -7.860398336604745850e-02 -3.231930096107044070e-02
-4.041696444262389554e-02 -7.860412084361202700e-02 -3.231933752404308330e-02
-4.041715872523650444e-02 -7.860425473268589647e-02 -3.231937217046573774e-02
-4.041734813559533235e-02 -7.860438668317185074e-02 -3.231940519887452345e-02
-4.041753458252813486e-02 -7.860451358193190630e-02 -3.231943835430714507e-02
-4.041771793519815387e-02 -7.860463756119004386e-02 -3.231947051456386666e-02
-4.041789766598496980e-02 -7.860475954799177323e-02 -3.231950285792886679e-02
-4.041807418902436388e-02 -7.860488050633582247e-02 -3.231953524495920216e-02
-4.041824607773370631e-02 -7.860500224022846927e-02 -3.231956859267634541e-02
-4.041841539343130063e-02 -7.860512025429412797e-02 -3.231960441076735940e-02
-4.041858256575304315e-02 -7.860523308577035961e-02 -3.231964176101031344e-02
-4.041874605273346188e-02 -7.860534372980454432e-02 -3.231967896324356576e-02
-4.041890497872541871e-02 -7.860545441552069246e-02 -3.231971589595351163e-02
-4.041906056095050104e-02 -7.860556280175029498e-02 -3.231975363524434292e-02
-4.041921210837066264e-02 -7.860567030624665552e-02 -3.231979096364265974e-02
-4.041935842768634712e-02 -7.860577790206411952e-02 -3.231982816798328884e-02
-4.041950236774155547e-02 -7.860587959062821650e-02 -3.231986638463382050e-02
-4.041964341038807584e-02 -7.860597699192201082e-02 -3.231990294255910473e-02
-4.041977963492156267e-02 -7.860607389486533314e-02 -3.231993709094269085e-02
-4.041991389157805620e-02 -7.860616581557958171e-02 -3.231997038029855995e-02
-4.042004875075724118e-02 -7.860624838346859378e-02 -3.232000230818406206e-02
-4.042018158453115906e-02 -7.860632815700194231e-02 -3.232002936399452908e-02
-4.042030932482638950e-02 -7.860641176411896358e-02 -3.232005197498401261e-02
-4.042043533772284730e-02 -7.860649273646791446e-02 -3.232007410042080087e-02
-4.042055940157421312e-02 -7.860657149628087759e-02 -3.232009449815891056e-02
-4.042067921133839919e-02 -7.860665036959316176e-02 -3.232011370714966275e-02
-4.042079503441067811e-02 -7.860673000534504351e-02 -3.232013205973491982e-02
-4.042090613876000993e-02 -7.860681121164309060e-02 -3.232015090208612690e-02
-4.042101395926243901e-02 -7.860689156830689972e-02 -3.232017134606918196e-02
-4.042111849979548172e-02 -7.860697087978657516e-02 -3.232019335591385795e-02
-4.042122101778795884e-02 -7.860704674617061127e-02 -3.232021734948174740e-02
-4.042132192924578760e-02 -7.860711959457958309e-02 -3.232024202488084641e-02
-4.042142131741330302e-02 -7.860718962061626069e-02 -3.232026718814344501e-02
-4.042151958992689503e-02 -7.860725748428273874e-02 -3.232029192597901668e-02
-4.042161483156607449e-02 -7.860732701872895356e-02 -3.232031554804990631e-02
-4.042170790138923525e-02 -7.860739581407118204e-02 -3.232033965506396489e-02
-4.042179971322919230e-02 -7.860746163280504795e-02 -3.232036392602521957e-02
-4.042188963516304967e-02 -7.860752451982735978e-02 -3.232038763804676723e-02
-4.042197711310946406e-02 -7.860758617950976135e-02 -3.232040970040081507e-02
-4.042206273034576469e-02 -7.860764539554077057e-02 -3.232043093169605086e-02
-4.042214579274157338e-02 -7.860770509499137582e-02 -3.232044988047844125e-02
-4.042222644127320408e-02 -7.860776358603432934e-02 -3.232046855027365106e-02
-4.042230490917896740e-02 -7.860782212067339569e-02 -3.232048554425162590e-02
-4.042238043657926660e-02 -7.860787996807754030e-02 -3.232050260864861857e-02
-4.042245646981173363e-02 -7.860793174465144362e-02 -3.232051985077328410e-02
-4.042252941444068187e-02 -7.860798492558479511e-02 -3.232053441994117704e-02
-4.042259956754653411e-02 -7.860803890042211695e-02 -3.232054867407353066e-02
-4.042267106705987878e-02 -7.860808675301264592e-02 -3.232056397463949765e-02
-4.042274197342170944e-02 -7.860813251613711639e-02 -3.232057762262169343e-02
-4.042280799495850258e-02 -7.860818508848413377e-02 -3.232058863705796620e-02
-4.042287258053942067e-02 -7.860823672823998021e-02 -3.232060215164103689e-02
-4.042293839135454453e-02 -7.860828296877361843e-02 -3.232061694405849450e-02
-4.042300147665006671e-02 -7.860832968475557625e-02 -3.232063093318026520e-02
-4.042306324964271835e-02 -7.860837495985548151e-02 -3.232064532446295851e-02
-4.042312477150830641e-02 -7.860841778731052221e-02 -3.232065986596887458e-02
-4.042318536535764728e-02 -7.860845948756098323e-02 -3.232067397886832089e-02
-4.042324613320935622e-02 -7.860849791616617011e-02 -3.232068819274579174e-02
