6.443691220755295990e-02 -2.499823999887942905e-02 1.676925207141221064e-01
-9.732796308739209701e-03 -1.213617266534646882e-01 8.146209445839833196e-02
6.039692562943696497e-02 -9.938759549332125409e-02 3.004796936165916865e-02
1.173168053727986770e-01 -5.047948873629237720e-02 -1.362335553931785445e-02
1.229927355160381763e-01 1.993252937653745838e-02 -3.817730172405758848e-02
7.929809218204850185e-02 8.116331618493022315e-02 -4.234134915088111351e-02
9.214711223097561688e-03 1.123447820817618653e-01 -3.110315286527687295e-02
-6.843515518465159708e-02 1.155724452976902433e-01 -1.533763833797766041e-02
-1.402388439591932268e-01 9.880522724972409798e-02 -3.894214847213528508e-03
-1.980220755823546841e-01 6.839431082082007840e-02 -2.494280515209040122e-03
-2.397577409828852701e-01 3.078915702504173707e-02 -1.394627263437791045e-02
-2.661531547494626615e-01 -8.818954466012858887e-03 -3.765598671443562417e-02
-2.787182327121590641e-01 -4.626954052150940994e-02 -7.052843938720002037e-02
-2.794642832600768845e-01 -7.770653297778588875e-02 -1.080691643601305874e-01
-2.709691579851295495e-01 -9.954872339958148464e-02 -1.452183469600105969e-01
-2.560069557534411233e-01 -1.099561322607227054e-01 -1.767297179029367893e-01
-2.369915731743600928e-01 -1.099351776910460071e-01 -1.980693824366502320e-01
-2.163824349822991988e-01 -1.017823149692283213e-01 -2.066004840906123796e-01
-1.966253133040671286e-01 -8.795138061344703884e-02 -2.016410607165815549e-01
-1.793710773294183991e-01 -7.130253207861166065e-02 -1.840140126840865142e-01
-1.653644256531630052e-01 -5.467810993712757944e-02 -1.559039085740809294e-01
-1.548138021014187071e-01 -4.011047128259070255e-02 -1.205790736237846300e-01
-1.477054139926587961e-01 -2.840430409783986990e-02 -8.187051924624523525e-02
-1.437983520921232439e-01 -1.971176237541474863e-02 -4.342279587274141400e-02
-1.422422473135709353e-01 -1.484672980515438882e-02 -8.198635985161715350e-03
-1.418934206070821824e-01 -1.487626348315251867e-02 2.122045823939933129e-02
-1.418916010639973413e-01 -2.006386134456180498e-02 4.264081659157958892e-02
-1.414352466831368671e-01 -3.018612421093767872e-02 5.471181519750303174e-02
-1.398972708965232070e-01 -4.431151228661835140e-02 5.689797760966252421e-02
-1.369331994861189283e-01 -6.104186919932054478e-02 4.966950457855533185e-02
-1.323542723047607672e-01 -7.890096325284425005e-02 3.434558582581485192e-02
-1.262403074728028762e-01 -9.643982207576599908e-02 1.290542635308854734e-02
-1.186678538424428969e-01 -1.127682146268930846e-01 -1.222138349528771248e-02
-1.097321640642254792e-01 -1.274083530889236759e-01 -3.858609558953055713e-02
-9.971777415910661191e-02 -1.398074502597517477e-01 -6.402570407332926206e-02
-8.900400468643823726e-02 -1.494294298754501593e-01 -8.664733764836796137e-02
-7.796975108105259900e-02 -1.558981490218821209e-01 -1.049104464117700253e-01
-6.698236835878178252e-02 -1.591461582602072267e-01 -1.176647851598230932e-01
-5.633565009337331703e-02 -1.594962937096112421e-01 -1.242575695023146048e-01
-4.632730082988200521e-02 -1.574478417333917690e-01 -1.246075946662622419e-01
-3.726167292519701885e-02 -1.535202360961536727e-01 -1.191630763747218991e-01
-2.945489003242986875e-02 -1.481307722171219532e-01 -1.087888176366404447e-01
-2.309852037115668610e-02 -1.418444409095083181e-01 -9.455177855897752004e-02
-1.820364829520708730e-02 -1.354180330744534921e-01 -7.769741866472645864e-02
-1.472081515740719833e-02 -1.295522863639874123e-01 -5.961868337426828174e-02
-1.258756231093939928e-02 -1.247035718329223691e-01 -4.175679042977144262e-02
-1.173194946272438505e-02 -1.210773424880763616e-01 -2.542101075175450323e-02
-1.200076682760566928e-02 -1.188057934472073612e-01 -1.165308895132935972e-02
-1.318995509055872865e-02 -1.179544041644632613e-01 -1.211759226480450466e-03
-1.510716020705869973e-02 -1.184428369999911967e-01 5.428420015818738453e-03
-1.758499781679890087e-02 -1.200332271678467289e-01 8.099434345387733145e-03
-2.045471117992280971e-02 -1.224156409063901635e-01 6.956698834696527917e-03
-2.354878026942259367e-02 -1.252433720538579931e-01 2.429225359967038950e-03
-2.671481294924785491e-02 -1.281677422009525058e-01 -4.831879226576856964e-03
-2.979251471366786697e-02 -1.309151687274331399e-01 -1.402029112997419530e-02
-3.265374485403323146e-02 -1.332293968233988490e-01 -2.428280716717302889e-02
-3.527567179093261951e-02 -1.347478967702394059e-01 -3.479591827973134432e-02
-3.766764315640117045e-02 -1.351962393627105519e-01 -4.473058172919604225e-02
-3.981420611897180939e-02 -1.344986447085859127e-01 -5.334113059104753085e-02
-4.173781615729341837e-02 -1.326844775379613095e-01 -6.005545766469128077e-02
-4.349679945856045615e-02 -1.298349907595217068e-01 -6.451341085624461014e-02
-4.518473177771809013e-02 -1.260441661048366524e-01 -6.656112076811480927e-02
-4.687934546057231922e-02 -1.214940499195300838e-01 -6.621322122551667744e-02
-4.862311842267817708e-02 -1.164668643503586898e-01 -6.365564738471519990e-02
-5.045560727623216862e-02 -1.112562147734714596e-01 -5.924597929051564349e-02
-5.241162794108245038e-02 -1.061329405545860666e-01 -5.346471129201205846e-02
-5.450775827892155589e-02 -1.013369046421310760e-01 -4.686252718668024175e-02
-5.674119364517304920e-02 -9.707024116384518897e-02 -4.000864371840769096e-02
-5.908606617771430120e-02 -9.349775831681422789e-02 -3.344704009623816060e-02
-6.149952708423656739e-02 -9.073311216184881678e-02 -2.766204193637588488e-02
-6.392872531051152496e-02 -8.882419299643760924e-02 -2.304877090054679306e-02
-6.631346388625752875e-02 -8.775457460037996982e-02 -1.988621295790755916e-02
-6.858659986652396179e-02 -8.745602452655903969e-02 -1.832240656263912915e-02
-7.068019179165681287e-02 -8.781696214419720814e-02 -1.837384678341151198e-02
-7.253303980327517608e-02 -8.868946928058860091e-02 -1.993493074237912693e-02
-7.410127880569136738e-02 -8.988940652488626448e-02 -2.279603198294432448e-02
-7.535645247525597779e-02 -9.122498373610718470e-02 -2.665761128792615980e-02
-7.627260638833077699e-02 -9.254027626481362012e-02 -3.115659992544269133e-02
-7.684352786894585452e-02 -9.369074578781530493e-02 -3.591578467674332031e-02
-7.708984722120229560e-02 -9.454064907473903878e-02 -4.056537205338749119e-02
-7.703696072359039748e-02 -9.500407791655043899e-02 -4.476055544444962342e-02
-7.671328987585897263e-02 -9.505085259199960723e-02 -4.821174415042198125e-02
-7.615446519021894234e-02 -9.469295112979735085e-02 -5.070900576345517552e-02
-7.540553152723614150e-02 -9.396681632749948054e-02 -5.213363155082914591e-02
-7.451776523166693533e-02 -9.292719697995908967e-02 -5.245562843945016096e-02
-7.353481381711669818e-02 -9.166527840665003590e-02 -5.172218237711991712e-02
-7.249446647722281034e-02 -9.029062273625745871e-02 -5.005859989546804223e-02
-7.143528944045395013e-02 -8.890918622487549439e-02 -4.765297494359653496e-02
-7.038688574709754675e-02 -8.762512817667694742e-02 -4.473394220974035579e-02
-6.936807759335025803e-02 -8.653556703849946130e-02 -4.155082528386448704e-02
-6.838883488334548955e-02 -8.571871183549535644e-02 -3.835648030378319140e-02
-6.745255497600391448e-02 -8.522603713888159127e-02 -3.538711516698112014e-02
-6.655626212709189748e-02 -8.507982839158345634e-02 -3.284520140036931851e-02
-6.569055136540097317e-02 -8.527830421508264536e-02 -3.088427459818501170e-02
-6.484262569071458371e-02 -8.579356879865593366e-02 -2.960396757724547551e-02
-6.400071646877969478e-02 -8.657264680136253499e-02 -2.904483375332143208e-02
-6.315190840443130060e-02 -8.754842001031695742e-02 -2.918833393389788991e-02
-6.228587407650451602e-02 -8.864187046947785698e-02 -2.996394897682105180e-02
-6.139792259749734388e-02 -8.976471792515880455e-02 -3.125827335216931763e-02
-6.048503614233174952e-02 -9.083638480343719790e-02 -3.292274229336922958e-02
-5.954419489336791604e-02 -9.179218744799651220e-02 -3.479050860161034264e-02
-5.857696692611430445e-02 -9.257972031273549451e-02 -3.669308939450206808e-02
-5.758885830388700555e-02 -9.316056782748630138e-02 -3.847281068789754760e-02
-5.658860777639243556e-02 -9.351225524196093986e-02 -3.999310771973943468e-02
-5.559098536883240460e-02 -9.362199827443831723e-02 -4.114868570953913313e-02
-5.461514501423829493e-02 -9.349108669585812215e-02 -4.186702839679646432e-02
-5.367622761232328926e-02 -9.314811464375444272e-02 -4.210982745646612430e-02
-5.278913210829998953e-02 -9.263555947236989940e-02 -4.188027017367396132e-02
-5.197050913429380331e-02 -9.199969595707851999e-02 -4.121899429066833154e-02
-5.123293964069865203e-02 -9.129217704270736755e-02 -4.019621316307680353e-02
-5.058491529294908279e-02 -9.056502371264027462e-02 -3.890488630966362771e-02
-5.003105344076710925e-02 -8.986625485941023006e-02 -3.745227916146266073e-02
-4.957282837469655090e-02 -8.923508248081382654e-02 -3.595113445967959565e-02
-4.920816734797625602e-02 -8.870129143177314657e-02 -3.450967704513508566e-02
-4.893092585484034446e-02 -8.828517166678576111e-02 -3.322404066885899232e-02
-4.873273253125992577e-02 -8.799455288619045801e-02 -3.217261334484970703e-02
-4.860236770598882344e-02 -8.782760692789236268e-02 -3.141030148086223356e-02
-4.852629956894476126e-02 -8.777335990050053049e-02 -3.096708390057602636e-02
-4.849105063119957260e-02 -8.781085643329937518e-02 -3.084772385518827140e-02
-4.848331522030492613e-02 -8.791248206499729934e-02 -3.103251298844360295e-02
-4.849075390939762420e-02 -8.804693240431520074e-02 -3.148038039262833487e-02
-4.850331355879548834e-02 -8.818102629336359299e-02 -3.213375758824678352e-02
-4.851422071808844660e-02 -8.828165697076117979e-02 -3.292385669815585392e-02
-4.851900204162965663e-02 -8.832092801347089794e-02 -3.377566306798954199e-02
-4.851492114360993202e-02 -8.827887951962817836e-02 -3.461466864805284177e-02
-4.850163866197159529e-02 -8.814301908996646784e-02 -3.537313422067712987e-02
-4.848059083866837482e-02 -8.790873837385805578e-02 -3.599460502554584218e-02
-4.845339690839732538e-02 -8.758129986009204060e-02 -3.643685820030422018e-02
-4.842209322397798832e-02 -8.717311525211757228e-02 -3.667537601706075123e-02
-4.838988372341485045e-02 -8.670067376256532232e-02 -3.670370524771976450e-02
-4.835978672093529940e-02 -8.618450658809993781e-02 -3.653199928106107969e-02
-4.833448731543978083e-02 -8.564752043194905073e-02 -3.618510972472941539e-02
-4.831622265708205438e-02 -8.511311510955661686e-02 -3.569971350126292797e-02
-4.830653952794912442e-02 -8.460343758759661381e-02 -3.512065356081243983e-02
-4.830603148184034468e-02 -8.413787827891339166e-02 -3.449690331709847485e-02
-4.831418074028451248e-02 -8.373184454675954014e-02 -3.387751399075892428e-02
-4.832933204998066806e-02 -8.339588887463483813e-02 -3.330785438910133234e-02
-4.834884908519756358e-02 -8.313514199734575727e-02 -3.282642137034318119e-02
-4.836929291707123962e-02 -8.294939071632582983e-02 -3.246230948897919216e-02
-4.838621863757643082e-02 -8.283450294576508166e-02 -3.223344658898173731e-02
-4.839517227981368630e-02 -8.278146660667594359e-02 -3.214678276203133955e-02
-4.839217117481366126e-02 -8.277749312601410947e-02 -3.219788657449347558e-02
-4.837310348060940707e-02 -8.280853774737415018e-02 -3.237196469987438374e-02
-4.833467556789515507e-02 -8.285951066209149007e-02 -3.264609263711283627e-02
-4.827488091841893730e-02 -8.291487419547860505e-02 -3.299151947234610360e-02
-4.819355623853389947e-02 -8.295882124764106247e-02 -3.337617709849542008e-02
-4.809152786284132119e-02 -8.297850644540885612e-02 -3.376632491650431028e-02
-4.796979979313795855e-02 -8.296607711327400048e-02 -3.412965276837720552e-02
-4.782984684403117359e-02 -8.291851184960444265e-02 -3.443812762579294418e-02
-4.767391082142034137e-02 -8.283582100135214454e-02 -3.467055520330884766e-02
-4.750501347651928108e-02 -8.272038752071736445e-02 -3.481315117708201623e-02
-4.732597177206807754e-02 -8.257775650797562206e-02 -3.485976010761455274e-02
-4.713966325910214084e-02 -8.241562131393442847e-02 -3.481199305835870617e-02
-4.694900549904160864e-02 -8.224298711481727031e-02 -3.467858394010479156e-02
-4.675682249723090572e-02 -8.206934449315171631e-02 -3.447420448068017756e-02
-4.656567871139108417e-02 -8.190391406052494050e-02 -3.421789098961696557e-02
-4.637775720540414370e-02 -8.175488626856677876e-02 -3.393128755459458301e-02
-4.619491802399545294e-02 -8.162850263912641013e-02 -3.363684277626906999e-02
-4.601857265366760680e-02 -8.152884997017320612e-02 -3.335584758903888114e-02
-4.584950726452148573e-02 -8.145795356950702448e-02 -3.310686421563135973e-02
-4.568782630537102790e-02 -8.141602151313179214e-02 -3.290450240321361741e-02
-4.553299072913180590e-02 -8.140150196106779590e-02 -3.275877794715005564e-02
-4.538407804894264985e-02 -8.141096727006975897e-02 -3.267477865999088293e-02
-4.523986469536396549e-02 -8.143945794671861305e-02 -3.265258996795920854e-02
-4.509897605245761359e-02 -8.148093601343950332e-02 -3.268762084380634481e-02
-4.496007390440774631e-02 -8.152879564875520346e-02 -3.277127569728214423e-02
-4.482223806678855421e-02 -8.157593145031317994e-02 -3.289198928321607901e-02
-4.468496749619201014e-02 -8.161564160408470159e-02 -3.303603352951436922e-02
-4.454796111262439295e-02 -8.164257609588268516e-02 -3.318873340120394311e-02
-4.441133343380615495e-02 -8.165276826748896211e-02 -3.333582680233505846e-02
-4.427559230986075067e-02 -8.164373624815568498e-02 -3.346454423868202438e-02
-4.414152532966324205e-02 -8.161457771788720172e-02 -3.356445104307581584e-02
-4.401010479357819055e-02 -8.156593242974137514e-02 -3.362808202634495064e-02
-4.388242558273490468e-02 -8.149980079190428939e-02 -3.365131365485043990e-02
-4.375963036378836130e-02 -8.141929047307053247e-02 -3.363344801416619928e-02
-4.364282897110356024e-02 -8.132830632311227603e-02 -3.357702704245695002e-02
-4.353302036509570927e-02 -8.123119728645697424e-02 -3.348741436765099999e-02
-4.343102047094330592e-02 -8.113239608185945917e-02 -3.337218609349362070e-02
-4.333739841934614728e-02 -8.103608388933970785e-02 -3.324039383158285815e-02
-4.325243876137674359e-02 -8.094588594059395903e-02 -3.310176994909005965e-02
-4.317612774315102153e-02 -8.086463101013705024e-02 -3.296593315041688316e-02
-4.310815188158684946e-02 -8.079421387751595240e-02 -3.284165302693330818e-02
-4.304792643651784295e-02 -8.073552333203158626e-02 -3.273624405980110619e-02
-4.299465076443992340e-02 -8.068844062235826231e-02 -3.265511054876377162e-02
-4.294735773922844779e-02 -8.065194705716569046e-02 -3.260146081061455342e-02
-4.290498430385850104e-02 -8.062426337743314186e-02 -3.257622478524248300e-02
-4.286644161909940881e-02 -8.060305081863708421e-02 -3.257813742417653424e-02
-4.283067206354095047e-02 -8.058564685833102814e-02 -3.260399156462390896e-02
-4.279671102426809565e-02 -8.056929688179989557e-02 -3.264902024980075035e-02
-4.276373223177019900e-02 -8.055137804335360530e-02 -3.270737301677796582e-02
-4.273107932875652021e-02 -8.052960450510991686e-02 -3.277263553956609454e-02
-4.269828351405501737e-02 -8.050218430993538732e-02 -3.283836323492042575e-02
-4.266507104251249238e-02 -8.046792538140407069e-02 -3.289857354460080929e-02
-4.263134477259673816e-02 -8.042630448965294720e-02 -3.294816705223332920e-02
-4.259716398505463547e-02 -8.037746233477749414e-02 -3.298325775211560090e-02
-4.256271544080181268e-02 -8.032214557163001867e-02 -3.300138346812864915e-02
-4.252827217839026674e-02 -8.026161545659180052e-02 -3.300158896390867347e-02
-4.249414841764758560e-02 -8.019752705706242879e-02 -3.298438875556702898e-02
-4.246065650837214239e-02 -8.013178427911760160e-02 -3.295162283602628972e-02
-4.242807906257603512e-02 -8.006636058529603694e-02 -3.290622692131837945e-02
-4.239663556866990479e-02 -8.000315423395956693e-02 -3.285191872964601800e-02
-4.236645430530211476e-02 -7.994385679131529865e-02 -3.279285811674317180e-02
-4.233756022881688535e-02 -7.988984726488754240e-02 -3.273329231160983926e-02
-4.230987565194504335e-02 -7.984209639883371734e-02 -3.267723207023875975e-02
-4.228323129335329750e-02 -7.980111915225250596e-02 -3.262815246362400778e-02
-4.225737264491261080e-02 -7.976697563823355319e-02 -3.258876318725019428e-02
-4.223198385070014993e-02 -7.973930018945921128e-02 -3.256085125104429823e-02
-4.220671250724934709e-02 -7.971735545395867983e-02 -3.254521248618645612e-02
-4.218120019683914423e-02 -7.970011162697968055e-02 -3.254165653794634239e-02
-4.215510756016579985e-02 -7.968634245705447094e-02 -3.254909188377803908e-02
-4.212813761434398840e-02 -7.967473785352184590e-02 -3.256566709059798004e-02
-4.210005426211739510e-02 -7.966400649276195178e-02 -3.258897031608023326e-02
-4.207070222679989979e-02 -7.965296513861516714e-02 -3.261625157106947531e-02
-4.204001267981750944e-02 -7.964061886965247139e-02 -3.264465727242548548e-02
-4.200800390180352284e-02 -7.962622627865209579e-02 -3.267145195101925359e-02
-4.197477611698488542e-02 -7.960933255855741353e-02 -3.269422322036033557e-02
-4.194050815876635557e-02 -7.958976995678287980e-02 -3.271104334147845183e-02
-4.190543256972568964e-02 -7.956766480891767912e-02 -3.272057605623628074e-02
-4.186982111566295989e-02 -7.954339450843578296e-02 -3.272214451255970463e-02
-4.183397397535958129e-02 -7.951752305138543031e-02 -3.271573597292146141e-02
-4.179818765898864197e-02 -7.949076255859606477e-02 -3.270194749014106866e-02
-4.176273927074845849e-02 -7.946389778068846388e-02 -3.268190476488468804e-02
-4.172787959612568598e-02 -7.943770406571755427e-02 -3.265713873854096672e-02
-4.169381058033273801e-02 -7.941290198463936412e-02 -3.262943345164345810e-02
-4.166068000658994241e-02 -7.939009620637356435e-02 -3.260067743956861219e-02
-4.162858383105917659e-02 -7.936972572229729350e-02 -3.257271132632209854e-02
-4.159756137123431230e-02 -7.935204695991171508e-02 -3.254718712510811657e-02
-4.156760073713193504e-02 -7.933712347751090133e-02 -3.252545666327231327e-02
-4.153864819573826334e-02 -7.932483038282032994e-02 -3.250848998242526766e-02
-4.151061925617972881e-02 -7.931487214142660114e-02 -3.249682888955737758e-02
-4.148340814905701612e-02 -7.930682008463038613e-02 -3.249057361992142845e-02
-4.145690219194446413e-02 -7.930014599888036975e-02 -3.248941051168260929e-02
-4.143099586513668275e-02 -7.929426536837523576e-02 -3.249266289501621247e-02
-4.140559133492153349e-02 -7.928860158700795635e-02 -3.249936532993948080e-02
-4.138061515259056078e-02 -7.928260994771757497e-02 -3.250836777933156785e-02
-4.135602254295658864e-02 -7.927582246542866362e-02 -3.251842930368182422e-02
-4.133179941741916413e-02 -7.926786950289946287e-02 -3.252832633833052656e-02
-4.130796535020466592e-02 -7.925850303589147827e-02 -3.253693769747717512e-02
-4.128455848708348364e-02 -7.924762362289580753e-02 -3.254332443119774959e-02
-4.126164311872765333e-02 -7.923525686822338598e-02 -3.254679638303460687e-02
-4.123930195770845325e-02 -7.922154240559259319e-02 -3.254694370073722004e-02
-4.121762210897217393e-02 -7.920672488432359271e-02 -3.254364570568524240e-02
-4.119669012720542089e-02 -7.919112268503013252e-02 -3.253706337943390592e-02
-4.117658568327670077e-02 -7.917509764343066969e-02 -3.252760601685146524e-02
-4.115737426323348713e-02 -7.915902313324690853e-02 -3.251588327015351998e-02
-4.113910123375487393e-02 -7.914325810280303797e-02 -3.250264196371574488e-02
-4.112178645313300379e-02 -7.912812256399442967e-02 -3.248870090158700874e-02
-4.110542557662028029e-02 -7.911387210077056031e-02 -3.247488375066916871e-02
-4.108999102046650975e-02 -7.910067988923577542e-02 -3.246195599580099789e-02
-4.107543148726479354e-02 -7.908863608012374480e-02 -3.245056667600283024e-02
-4.106167449465750879e-02 -7.907774770770784056e-02 -3.244120939015125715e-02
-4.104863405109897279e-02 -7.906794160650068570e-02 -3.243419529896591352e-02
-4.103621627670434036e-02 -7.905907319492924690e-02 -3.242964318634685567e-02
-4.102432520699519913e-02 -7.905094475706203605e-02 -3.242748098023524178e-02
-4.101286051477234795e-02 -7.904333987225238556e-02 -3.242746239571669964e-02
-4.100173011444078336e-02 -7.903602632745186651e-02 -3.242920663776799328e-02
-4.099085951126935079e-02 -7.902876772384390125e-02 -3.243223349480091333e-02
-4.098018453376312681e-02 -7.902135917061059445e-02 -3.243600143463053892e-02
-4.096965761965529196e-02 -7.901363390323354330e-02 -3.243995845899765029e-02
-4.095925148150590667e-02 -7.900547081862223375e-02 -3.244358323182993525e-02
-4.094895041589075024e-02 -7.899681430503258106e-02 -3.244641969419930633e-02
-4.093875347141755910e-02 -7.898766352465874663e-02 -3.244811347876348090e-02
-4.092867181314181757e-02 -7.897807117133318067e-02 -3.244842765848258287e-02
-4.091872413434777256e-02 -7.896813320013704174e-02 -3.244725533405330709e-02
-4.090893698060043410e-02 -7.895797562229558975e-02 -3.244461557262647705e-02
-4.089933363651579445e-02 -7.894775574730020229e-02 -3.244064053474503273e-02
-4.088993572937910104e-02 -7.893764008352005535e-02 -3.243556191644381137e-02
-4.088076312584534161e-02 -7.892778659073085290e-02 -3.242968505107716309e-02
-4.087182582108381951e-02 -7.891834335514487375e-02 -3.242335669376934099e-02
-4.086312476130388172e-02 -7.890943306075492991e-02 -3.241693932467049066e-02
-4.085465480635482038e-02 -7.890114066529720083e-02 -3.241078128907601968e-02
-4.084640375224627556e-02 -7.889350958807364589e-02 -3.240519014887208171e-02
-4.083835111006485497e-02 -7.888654795071471659e-02 -3.240040869275671864e-02
-4.083046540537048352e-02 -7.888023823489642705e-02 -3.239660209711602706e-02
-4.082271490388802992e-02 -7.887452311279695427e-02 -3.239385737115887259e-02
-4.081507010854293349e-02 -7.886931241873917919e-02 -3.239217678946044315e-02
-4.080750072263299166e-02 -7.886449883074936329e-02 -3.239148226705003408e-02
-4.079997759913904509e-02 -7.885997185434476253e-02 -3.239162579105331341e-02
-4.079247693359485533e-02 -7.885561961668977049e-02 -3.239241060189185228e-02
-4.078498567008910503e-02 -7.885133132150352886e-02 -3.239360780288550595e-02
-4.077749297280078983e-02 -7.884702110561740696e-02 -3.239497166461088873e-02
-4.076999637614162064e-02 -7.884261996469169032e-02 -3.239626686530666655e-02
-4.076250510584624592e-02 -7.883807568223558104e-02 -3.239728202041920052e-02
-4.075502830338704335e-02 -7.883337346844432325e-02 -3.239784011400669017e-02
-4.074758184910459713e-02 -7.882851872818097405e-02 -3.239781783504840085e-02
-4.074018898499261188e-02 -7.882353391516723484e-02 -3.239714652088335201e-02
-4.073287206693379514e-02 -7.881846324876494447e-02 -3.239581280551755149e-02
-4.072565428203385463e-02 -7.881336433832925037e-02 -3.239385667668352731e-02
-4.071855738292129434e-02 -7.880830259491390655e-02 -3.239136525074359785e-02
-4.071160252434591342e-02 -7.880334089412507903e-02 -3.238846324323983727e-02
-4.070480684886880474e-02 -7.879853898463862194e-02 -3.238529830810751159e-02
-4.069818053603063007e-02 -7.879395260241808807e-02 -3.238202863351231919e-02
-4.069173055282052781e-02 -7.878962140940068415e-02 -3.237881307939213804e-02
-4.068545974287686440e-02 -7.878556895843220886e-02 -3.237579617268176307e-02
-4.067936506624406090e-02 -7.878180388662078815e-02 -3.237309858513254951e-02
-4.067343971468385944e-02 -7.877831924634612348e-02 -3.237080953928031524e-02
-4.066767544229101666e-02 -7.877508955156285742e-02 -3.236898388937747839e-02
-4.066206260581428644e-02 -7.877207739668022624e-02 -3.236763716040533256e-02
-4.065658765647230805e-02 -7.876924211182381730e-02 -3.236674792407460977e-02
-4.065123940521467305e-02 -7.876653386753462716e-02 -3.236626511992847510e-02
-4.064601064868893221e-02 -7.876389582929864408e-02 -3.236611223111508090e-02
-4.064089210025263743e-02 -7.876128205475010913e-02 -3.236619073466556751e-02
-4.063587496256189369e-02 -7.875865505121512622e-02 -3.236639490716311518e-02
-4.063095788188553215e-02 -7.875597710684807684e-02 -3.236662097079414518e-02
-4.062614096096148208e-02 -7.875322247295316047e-02 -3.236677027065668066e-02
-4.062142340485593028e-02 -7.875038280635590637e-02 -3.236675741654970739e-02
-4.061680712081065098e-02 -7.874746003848007159e-02 -3.236651900919502306e-02
-4.061229696834632585e-02 -7.874446367411891412e-02 -3.236601591429189018e-02
-4.060789875496752938e-02 -7.874141081378781271e-02 -3.236523364427765226e-02
-4.060362170501394946e-02 -7.873831837384545618e-02 -3.236418266290234935e-02
-4.059946968664215894e-02 -7.873522054185962127e-02 -3.236288904201712474e-02
-4.059544332363656388e-02 -7.873215534140429184e-02 -3.236140131382096718e-02
-4.059154881058116282e-02 -7.872914834245649252e-02 -3.235978339170206275e-02
-4.058778723448555614e-02 -7.872622577826797474e-02 -3.235810371127084001e-02
-4.058415728402682554e-02 -7.872340879200201424e-02 -3.235643229215001693e-02
-4.058065526350972119e-02 -7.872071425600482564e-02 -3.235483421775396662e-02
-4.057727523425217614e-02 -7.871815196339326803e-02 -3.235336691686822863e-02
-4.057401124136147952e-02 -7.871572171423095454e-02 -3.235207558765355179e-02
-4.057085391113535167e-02 -7.871342024293602468e-02 -3.235098895899585908e-02
-4.056779548096450805e-02 -7.871123216033490411e-02 -3.235012196506416304e-02
-4.056482671878435670e-02 -7.870914193563394168e-02 -3.234946959280032841e-02
-4.056193460418980323e-02 -7.870713660738035133e-02 -3.234901306840438917e-02
-4.055911218342447833e-02 -7.870519185792268502e-02 -3.234872444399731345e-02
-4.055635243707002291e-02 -7.870328549390979977e-02 -3.234856370022010097e-02
-4.055364803178065913e-02 -7.870139897820102592e-02 -3.234848513488997046e-02
-4.055099641419186718e-02 -7.869951169064416663e-02 -3.234844207095924351e-02
-4.054839193922129409e-02 -7.869761800378161087e-02 -3.234838564681834228e-02
-4.054583056548545505e-02 -7.869571426279092785e-02 -3.234827699165154086e-02
-4.054331465189286998e-02 -7.869379334062537312e-02 -3.234808552528755515e-02
-4.054084449864455569e-02 -7.869185637309936143e-02 -3.234778825609405106e-02
-4.053841886566911940e-02 -7.868991451918751212e-02 -3.234737135159784782e-02
-4.053603608732785080e-02 -7.868798360557305305e-02 -3.234683419652641806e-02
-4.053370231265314427e-02 -7.868606555297000260e-02 -3.234619073852042920e-02
-4.053141839738145374e-02 -7.868417611169468973e-02 -3.234545510974725507e-02
-4.052918298726201907e-02 -7.868233026672091790e-02 -3.234465315824396059e-02
-4.052699841226461291e-02 -7.868053994326290601e-02 -3.234381273646302901e-02
-4.052486368049067200e-02 -7.867881499590026473e-02 -3.234296599040579340e-02
-4.052278147785015605e-02 -7.867715729813237746e-02 -3.234214272772264337e-02
-4.052074832008929067e-02 -7.867557455580147241e-02 -3.234136754757929028e-02
-4.051876116156132024e-02 -7.867407017897365407e-02 -3.234066194080691126e-02
-4.051681652602087680e-02 -7.867264423274002161e-02 -3.234004174505926421e-02
-4.051491045877476938e-02 -7.867129273448132676e-02 -3.233951658777931004e-02
-4.051303975316224854e-02 -7.867000701156093290e-02 -3.233908904298932185e-02
-4.051120240804335915e-02 -7.866877404458699763e-02 -3.233875469285524273e-02
-4.050939646500982538e-02 -7.866758169440535298e-02 -3.233850119823894476e-02
-4.050761704572394817e-02 -7.866642549829082343e-02 -3.233831013017205575e-02
-4.050586334313217851e-02 -7.866529384975635975e-02 -3.233816440509263562e-02
-4.050413716765807748e-02 -7.866417378263496074e-02 -3.233804332066645554e-02
-4.050243340538363379e-02 -7.866306749618567906e-02 -3.233792318901973495e-02
-4.050075237362028846e-02 -7.866196801757466273e-02 -3.233778860197483729e-02
-4.049909805955693998e-02 -7.866086673547635633e-02 -3.233762425234863042e-02
-4.049746796572345486e-02 -7.865976856597546585e-02 -3.233741610184052290e-02
-4.049586394807613149e-02 -7.865867336620857575e-02 -3.233715859745296684e-02
-4.049428679175135631e-02 -7.865758734365599358e-02 -3.233684814539217883e-02
-4.049273804648421959e-02 -7.865651286963792899e-02 -3.233648961275070732e-02
-4.049122058096383397e-02 -7.865545382369013017e-02 -3.233608852517661642e-02
-4.048973533087421584e-02 -7.865441395861888507e-02 -3.233565573436132656e-02
-4.048828551162318018e-02 -7.865339580737959468e-02 -3.233520213921682596e-02
-4.048686775881740751e-02 -7.865241201085129696e-02 -3.233473874091764844e-02
-4.048548282414330540e-02 -7.865146504491772605e-02 -3.233428151899388897e-02
-4.048413372226693924e-02 -7.865055085599401141e-02 -3.233384440978443602e-02
-4.048281929996055961e-02 -7.864967033603795232e-02 -3.233343642581520266e-02
-4.048153708743135182e-02 -7.864882591097813180e-02 -3.233306444192739909e-02
-4.048028604093557858e-02 -7.864801611911403922e-02 -3.233273414973066029e-02
-4.047906729363999478e-02 -7.864723322109407055e-02 -3.233244882543620524e-02
-4.047787791650007960e-02 -7.864647739386269876e-02 -3.233220469136663389e-02
-4.047671226886023071e-02 -7.864575196401460411e-02 -3.233199769347620822e-02
-4.047557145698141290e-02 -7.864504706181357774e-02 -3.233182549759071323e-02
-4.047445634355674449e-02 -7.864435341658281009e-02 -3.233168046955887942e-02
-4.047336439425221200e-02 -7.864366875431660908e-02 -3.233155211077244628e-02
-4.047229543895663334e-02 -7.864298911131217817e-02 -3.233143134413120345e-02
-4.047125029754639058e-02 -7.864231108352598421e-02 -3.233130917034465063e-02
-4.047022983778651023e-02 -7.864163175097860226e-02 -3.233117790374009232e-02
-4.046923077744970371e-02 -7.864095909405997842e-02 -3.233102859577906968e-02
-4.046825254403856043e-02 -7.864029297454347422e-02 -3.233086083100931291e-02
-4.046730003144717591e-02 -7.863962571286882419e-02 -3.233067423201522322e-02
-4.046637029913516259e-02 -7.863896364269669370e-02 -3.233046601095813932e-02
-4.046546258560393405e-02 -7.863831014655980889e-02 -3.233023879226408492e-02
-4.046457936715047027e-02 -7.863766414439632424e-02 -3.232999712143763693e-02
-4.046371962007589557e-02 -7.863703058622134590e-02 -3.232974451241994035e-02
-4.046288152542502209e-02 -7.863641495386142211e-02 -3.232948666083693828e-02
-4.046206603450652750e-02 -7.863581638953097419e-02 -3.232923126892763704e-02
-4.046127305274966474e-02 -7.863523510833721197e-02 -3.232898374608025177e-02
-4.046050064908573995e-02 -7.863467338178822819e-02 -3.232874863546705835e-02
-4.045974682478431506e-02 -7.863413396150081836e-02 -3.232852965307522752e-02
-4.045901294851962648e-02 -7.863361074022201525e-02 -3.232833219280538406e-02
-4.045829823990541863e-02 -7.863310378056645455e-02 -3.232815520032737699e-02
-4.045759928856403759e-02 -7.863261490601783366e-02 -3.232799885911426946e-02
-4.045691655946842546e-02 -7.863214120220503311e-02 -3.232786224519867968e-02
-4.045624881054565858e-02 -7.863168043253410122e-02 -3.232774353106900034e-02
-4.045559768843805248e-02 -7.863122546516473910e-02 -3.232764009198632604e-02
-4.045496155587478826e-02 -7.863077684079355922e-02 -3.232754553253944230e-02
-4.045433875714202210e-02 -7.863033492491956766e-02 -3.232745569850625778e-02
-4.045372831684683479e-02 -7.862990126864388696e-02 -3.232736592096439876e-02
-4.045312880603518790e-02 -7.862947592491516258e-02 -3.232727415231005652e-02
-4.045254215323802749e-02 -7.862905358030147784e-02 -3.232717882779044538e-02
-4.045196831237780899e-02 -7.862863273474354764e-02 -3.232707700909621951e-02
-4.045140458803930111e-02 -7.862821929406710320e-02 -3.232696523763596563e-02
-4.045085055262621215e-02 -7.862781443216834698e-02 -3.232684501013299155e-02
-4.045030928589173763e-02 -7.862741371759221498e-02 -3.232671826283554928e-02
-4.044978021770140320e-02 -7.862701882291037170e-02 -3.232658498460365404e-02
-4.044926273898509506e-02 -7.862663181381066013e-02 -3.232644668652366604e-02
-4.044875551826740412e-02 -7.862625736334456772e-02 -3.232630485186819419e-02
-4.044825891969018594e-02 -7.862589444716922005e-02 -3.232616418803110903e-02
-4.044777526132942169e-02 -7.862553895798929382e-02 -3.232602757592308029e-02
-4.044730205721561167e-02 -7.862519506722995266e-02 -3.232589526378765177e-02
-4.044683868807487370e-02 -7.862486320596048794e-02 -3.232576994894380967e-02
-4.044638672918038358e-02 -7.862454016008910140e-02 -3.232565365559006421e-02
-4.044594490459986480e-02 -7.862422732400639602e-02 -3.232554605069756087e-02
-4.044551232417046421e-02 -7.862392474833347633e-02 -3.232544763488413853e-02
-4.044508952607759472e-02 -7.862363007500676459e-02 -3.232535845294618598e-02
-4.044467452010949704e-02 -7.862334563773940022e-02 -3.232527656329989285e-02
-4.044426711127377394e-02 -7.862306909348604211e-02 -3.232520226843274558e-02
-4.044386857164382343e-02 -7.862279675983634142e-02 -3.232513399409180782e-02
-4.044347825853338019e-02 -7.862252771797638429e-02 -3.232506946630546441e-02
-4.044309531789490320e-02 -7.862226355557083712e-02 -3.232500570828233943e-02
-4.044271825771211110e-02 -7.862200661517651512e-02 -3.232494134083658405e-02
-4.044234755513757829e-02 -7.862175566803424054e-02 -3.232487618723561135e-02
-4.044198337162019374e-02 -7.862150935526782125e-02 -3.232480976332044453e-02
-4.044162581442770771e-02 -7.862126657730102164e-02 -3.232474144016247303e-02
-4.044127385939476349e-02 -7.862102956469961546e-02 -3.232467003539948869e-02
-4.044092911753743858e-02 -7.862079483168327165e-02 -3.232459728145724298e-02
-4.044059186775844639e-02 -7.862056405181039320e-02 -3.232452157633463469e-02
-4.044025997799599592e-02 -7.862034110769441919e-02 -3.232444374302526763e-02
-4.043993778589531629e-02 -7.862011836072246851e-02 -3.232436698595835683e-02
-4.043962583697172791e-02 -7.861989581119863124e-02 -3.232428975134904459e-02
-4.043932168101438407e-02 -7.861967827815222187e-02 -3.232421146132723189e-02
-4.043902363971025454e-02 -7.861947089624524154e-02 -3.232413255139258285e-02
-4.043873185662228559e-02 -7.861927205616600633e-02 -3.232405676988164833e-02
-4.043844769728927036e-02 -7.861907820960574445e-02 -3.232398533366197257e-02
-4.043816991570765157e-02 -7.861888896019249284e-02 -3.232391847938164559e-02
-4.043789897978240094e-02 -7.861870276473344188e-02 -3.232385606484171336e-02
-4.043763419176712309e-02 -7.861852089804363675e-02 -3.232379725674996984e-02
-4.043737388885666056e-02 -7.861834703146632075e-02 -3.232374124721251046e-02
-4.043711788676779273e-02 -7.861818063175277094e-02 -3.232368937818105858e-02
-4.043686908542536845e-02 -7.861801457040201724e-02 -3.232364290243346094e-02
-4.043662783336156308e-02 -7.861784709562802398e-02 -3.232359928037041585e-02
-4.043639133658266660e-02 -7.861768340033845059e-02 -3.232355552383500003e-02
-4.043615827812966496e-02 -7.861752671519514624e-02 -3.232351140786784982e-02
-4.043592989800987025e-02 -7.861737430990342612e-02 -3.232346844557136556e-02
-4.043570672383023368e-02 -7.861722418070032914e-02 -3.232342627290765713e-02
-4.043548886551596305e-02 -7.861707437672915688e-02 -3.232338460651471707e-02
-4.043527599590553134e-02 -7.861692606930753557e-02 -3.232334174890638678e-02
-4.043506770911355075e-02 -7.861677999289087837e-02 -3.232329785154083868e-02
-4.043486417526800936e-02 -7.861663736561487481e-02 -3.232325244904718509e-02
-4.043466428460795736e-02 -7.861649996186513556e-02 -3.232320626471629765e-02
-4.043446880474683980e-02 -7.861636620436532330e-02 -3.232316046848483088e-02
-4.043427871381471972e-02 -7.861623309309564989e-02 -3.232311600479973596e-02
-4.043409546142227862e-02 -7.861609757284851452e-02 -3.232307259079886252e-02
-4.043391724263269149e-02 -7.861596423389848043e-02 -3.232302797537056627e-02
-4.043374279608338839e-02 -7.861583602965874218e-02 -3.232298299817537579e-02
-4.043357179572303062e-02 -7.861571474974249352e-02 -3.232293839220063553e-02
-4.043340427274921128e-02 -7.861559818719783543e-02 -3.232289658335273097e-02
-4.043324056985204279e-02 -7.861548485445790657e-02 -3.232285738251411411e-02
-4.043307935683357335e-02 -7.861537510077803992e-02 -3.232282097092038786e-02
-4.043292255566893062e-02 -7.861526502618390588e-02 -3.232278778178628020e-02
-4.043276823190872227e-02 -7.861515926795445419e-02 -3.232275536161240137e-02
-4.043261668154828764e-02 -7.861505640221533309e-02 -3.232272545315606482e-02
-4.043247071128918541e-02 -7.861495219233805010e-02 -3.232269775397780820e-02
-4.043232827809600805e-02 -7.861484982770308716e-02 -3.232267032738602580e-02
-4.043218711838709317e-02 -7.861475415689414548e-02 -3.232264213131848252e-02
-4.043204796882853697e-02 -7.861466249393500583e-02 -3.232261557836299537e-02
-4.043191379788627082e-02 -7.861456835670109500e-02 -3.232259116872358840e-02
-4.043178302728310525e-02 -7.861447393765312597e-02 -3.232256628874567717e-02
-4.043165392579877587e-02 -7.861438287113092782e-02 -3.232254003628441674e-02
-4.043152875665673163e-02 -7.861429129400282489e-02 -3.232251413947793278e-02
-4.043140942330912535e-02 -7.861419626301252572e-02 -3.232248791067272170e-02
-4.043129234273935835e-02 -7.861410531010942782e-02 -3.232245856122675787e-02
-4.043117785048758184e-02 -7.861401693031462579e-02 -3.232242885030466722e-02
-4.043106760503720198e-02 -7.861392901093974817e-02 -3.232239869803951726e-02
-4.043095736587357103e-02 -7.861384828216795573e-02 -3.232236711185072081e-02
-4.043084659558437988e-02 -7.861377486498247191e-02 -3.232233645752603107e-02
-4.043074011751634361e-02 -7.861369752008957879e-02 -3.232231037600050150e-02
-4.043063675450173089e-02 -7.861361958673061812e-02 -3.232228444966114833e-02
-4.043053422474968128e-02 -7.861354405521969735e-02 -3.232225935338907397e-02
-4.043043606253240996e-02 -7.861346739818053653e-02 -3.232223537414532361e-02
-4.043033974407858611e-02 -7.861339462099871389e-02 -3.232221121212641712e-02
-4.043024464569107412e-02 -7.861332680259344730e-02 -3.232218783060063216e-02
-4.043015172893035802e-02 -7.861326104437452167e-02 -3.232216661392098289e-02
-4.043006140458844933e-02 -7.861319515397052760e-02 -3.232214733301200238e-02
-4.042997187600809450e-02 -7.861313201816387541e-02 -3.232212840206079296e-02
-4.042988195561808551e-02 -7.861307364880468218e-02 -3.232211012189642463e-02
-4.042979372582865272e-02 -7.861301584947796850e-02 -3.232209408427321601e-02
-4.042970603991607320e-02 -7.861296135586978706e-02 -3.232207837729676736e-02
-4.042961855010068078e-02 -7.861290924979733030e-02 -3.232206435517820386e-02
-4.042953451299736989e-02 -7.861285405999965392e-02 -3.232205214758968048e-02
-4.042945361957237665e-02 -7.861279613935041877e-02 -3.232203994010263148e-02
-4.042937646361088877e-02 -7.861273528356366169e-02 -3.232202669545255341e-02
-4.042930129592484101e-02 -7.861267690844966904e-02 -3.232201036572368569e-02
-4.042922660345878855e-02 -7.861262381775896424e-02 -3.232199225350386451e-02
-4.042915357159225509e-02 -7.861257343170371947e-02 -3.232197408450365045e-02
-4.042908260354365069e-02 -7.861252275507842058e-02 -3.232195673050711204e-02
-4.042901132569123868e-02 -7.861247612969980703e-02 -3.232193823020354517e-02
-4.042894016021840453e-02 -7.861243092422588730e-02 -3.232192124467633126e-02
-4.042886983510667054e-02 -7.861238805586034939e-02 -3.232190430512288382e-02
-4.042879823045972265e-02 -7.861234997073167363e-02 -3.232188858162114709e-02
-4.042872959180696113e-02 -7.861230933159066292e-02 -3.232187586599177820e-02
-4.042866323941157747e-02 -7.861226773454310646e-02 -3.232186392817326670e-02
-4.042859743841040882e-02 -7.861222878390042301e-02 -3.232185194945570023e-02
-4.042853438897280743e-02 -7.861218881052473018e-02 -3.232184143043552449e-02
