-9.181850033036273451e-02 -1.278311878968556026e-01 -2.283784332252442040e-01
1.285754161718895283e-03 -4.237731564587255556e-02 -3.646144313553757454e-01
2.961766631905126540e-02 -1.121641992077624522e-02 -2.849093415138241325e-01
5.209451385795168393e-02 1.619174156488630695e-02 -2.063565525061776817e-01
8.326806173488318641e-02 2.602159060754146575e-02 -1.115799441597087605e-01
1.082896225907393067e-01 2.692055255300898967e-02 -1.790718589980596492e-02
1.241389815885112768e-01 2.288567162902230279e-02 6.080148788685536820e-02
1.345350153435874996e-01 1.709860673508141471e-02 1.185384216241784638e-01
1.448921305073105348e-01 1.017933198488911103e-02 1.563912608046088559e-01
1.592427490215882480e-01 5.091001093915819078e-04 1.775383750602027300e-01
1.772423450458938121e-01 -1.196583196353901563e-02 1.841829883934749390e-01
1.960097779563077514e-01 -2.642947146856185897e-02 1.780564609839877521e-01
2.123999746541718747e-01 -4.193366398337637635e-02 1.612275889369302884e-01
2.243016818750908081e-01 -5.752593327427047570e-02 1.363970461603617457e-01
2.311943147356493866e-01 -7.254090285578555786e-02 1.067558798084721206e-01
2.337459734715032211e-01 -8.623787886190224794e-02 7.534506203892470111e-02
2.330473389801612227e-01 -9.751233927680985625e-02 4.471670322387364532e-02
2.302719880187725221e-01 -1.053624071110932092e-01 1.691053883009527997e-02
2.264944693146815069e-01 -1.093989477560756013e-01 -6.531559896795323047e-03
2.223759474058764063e-01 -1.094939113065875880e-01 -2.473815306199803749e-02
2.178896780923967880e-01 -1.051915520501293805e-01 -3.739093035304237589e-02
2.127730100351518383e-01 -9.637999607780044220e-02 -4.426332425433600337e-02
2.069750300876815052e-01 -8.391048973653768284e-02 -4.521005561021654295e-02
2.004792558444531969e-01 -6.902128356012104948e-02 -4.051954484233125792e-02
1.932441389762539763e-01 -5.296937142779119256e-02 -3.091164989373211547e-02
1.853177334094333883e-01 -3.695758081406613771e-02 -1.746848305826286321e-02
1.767792441793369917e-01 -2.199222354595719436e-02 -1.541011977346679399e-03
1.677362122505873798e-01 -8.896407577342451897e-03 1.537780563186186278e-02
1.582055768286478314e-01 1.896267384803008993e-03 3.172546071090456832e-02
1.480402119192379962e-01 1.043952299352689933e-02 4.605115208372789759e-02
1.370749591300205739e-01 1.696665058536094700e-02 5.724502636827460272e-02
1.252755468340724931e-01 2.159080110216117163e-02 6.460895483596065803e-02
1.127178668283315699e-01 2.439134606523784068e-02 6.776700517071582164e-02
9.955861990181072430e-02 2.553234177160473850e-02 6.664523700500551984e-02
8.614354333687117282e-02 2.509365784630752591e-02 6.150733089084582661e-02
7.291003122983485962e-02 2.326338558304273316e-02 5.281288221312820108e-02
6.015699016401292176e-02 2.065211359801446406e-02 4.117161605454121298e-02
4.808556527547343945e-02 1.804700644622782985e-02 2.745087392241021482e-02
3.691877188917799812e-02 1.598354219162654091e-02 1.276489921788382352e-02
2.686057623617071899e-02 1.470658869486029564e-02 -1.733689387399150149e-03
1.802535293329626809e-02 1.430158467101608905e-02 -1.501010948174531963e-02
1.042682602924384187e-02 1.483411586351404340e-02 -2.624147315594764149e-02
3.979504436149817678e-03 1.640324900472635988e-02 -3.481874582532479973e-02
-1.400689845235199640e-03 1.895542086939115689e-02 -4.030970125106528301e-02
-5.836671399626949461e-03 2.237931443610361587e-02 -4.254816126574689772e-02
-9.503900505912273033e-03 2.649889525637609197e-02 -4.159267501177773413e-02
-1.264419964339047985e-02 3.121052759099729457e-02 -3.776590831847145141e-02
-1.546012067123620111e-02 3.622586480609291809e-02 -3.147510460992086756e-02
-1.805723420000425461e-02 4.113947193552410647e-02 -2.331669329758754086e-02
-2.060462877398295742e-02 4.570784781795463048e-02 -1.401835267709192895e-02
-2.313051222636999457e-02 4.956654616733197072e-02 -4.289915803369069233e-03
-2.556853938065458895e-02 5.235293780149524734e-02 5.144749299372137000e-03
-2.786869059202771309e-02 5.391162884470698802e-02 1.357785199092373905e-02
-2.996166591952152680e-02 5.421695766195851196e-02 2.043641080651318817e-02
-3.172332319475944934e-02 5.326204535717293798e-02 2.533141728474896243e-02
-3.304703795630589691e-02 5.114857253052033231e-02 2.802519309191977767e-02
-3.388926458949986786e-02 4.812751489146578632e-02 2.845334974335363837e-02
-3.421352905543791068e-02 4.446370025333446635e-02 2.676056624119136501e-02
-3.398744576857502808e-02 4.040468176341763251e-02 2.325148546610713435e-02
-3.323383533466958001e-02 3.625557515433638911e-02 1.833105381610021165e-02
-3.201239957623021326e-02 3.232969573357484527e-02 1.249724497995320996e-02
-3.038942110540983690e-02 2.888607133161243817e-02 6.300975333658637503e-03
-2.840998895549100289e-02 2.604565971909632641e-02 3.086856096765706794e-04
-2.609139746318667186e-02 2.380177532605424681e-02 -4.983711072096996819e-03
-2.345972715657113419e-02 2.210288621868978370e-02 -9.201921324217751663e-03
-2.053996521615662416e-02 2.086829608571037775e-02 -1.210453073057428386e-02
-1.737116052592265272e-02 2.002663744437712182e-02 -1.358770401014886171e-02
-1.403560084172109611e-02 1.956749846942862706e-02 -1.367647771375722285e-02
-1.061313584696719527e-02 1.942220999894009661e-02 -1.245998533714138060e-02
-7.178535037849237410e-03 1.948447513798095762e-02 -1.012199916976882011e-02
-3.850651227654008565e-03 1.969806442262700755e-02 -6.923220122898029322e-03
-7.319094015572143348e-04 1.998416678194820523e-02 -3.147935275378062510e-03
2.141606447485024187e-03 2.016077333845221753e-02 9.252820310037897407e-04
4.779514771685143201e-03 2.002478675129812369e-02 4.987751616803267653e-03
7.193136904508041531e-03 1.945154908626764434e-02 8.721084693006714988e-03
9.419230123656002762e-03 1.837077685092661922e-02 1.184506144932009550e-02
1.152253148676090494e-02 1.673738757426765367e-02 1.414553201763973575e-02
1.359854565657269906e-02 1.449425417248075866e-02 1.548324510482976951e-02
1.571844008550282029e-02 1.167135284411546965e-02 1.576015933106635070e-02
1.790389673801918990e-02 8.404081430713123899e-03 1.495345423400768273e-02
2.017692792957529596e-02 4.827398094010460113e-03 1.314176901715841984e-02
2.254811202642791751e-02 1.071962860349164395e-03 1.047541578277765353e-02
2.500066518302537441e-02 -2.719694426021336629e-03 7.152981406392116236e-03
2.748853767552495581e-02 -6.382451139785348150e-03 3.403289647339908987e-03
2.994485792085719439e-02 -9.749262507528364680e-03 -5.193914884616427849e-04
3.229903632323528895e-02 -1.268524124935091132e-02 -4.351421003629916961e-03
3.448528798540063250e-02 -1.511088395194150162e-02 -7.840527569898154622e-03
3.642534685400578010e-02 -1.695230902596654016e-02 -1.078527415781159807e-02
3.806165627067485679e-02 -1.821539392607192734e-02 -1.301071236502212430e-02
3.940687630761632865e-02 -1.904817734883292035e-02 -1.439842783227454626e-02
4.048459355965609852e-02 -1.961195951202311660e-02 -1.493824990365693467e-02
4.131831421726761544e-02 -2.003873594291832871e-02 -1.470677035126667642e-02
4.194862950888826603e-02 -2.045076144241501220e-02 -1.383766022350109426e-02
4.241056074267472720e-02 -2.093140640205316816e-02 -1.251118669617432011e-02
4.273027303636741520e-02 -2.154384414336065617e-02 -1.092197615397569668e-02
4.292676455129795787e-02 -2.233634094423792363e-02 -9.268687349010255871e-03
4.300902600896397421e-02 -2.334706370594432853e-02 -7.734728320514288463e-03
4.296314114339845613e-02 -2.455686316768990185e-02 -6.493302818824384440e-03
4.278557279824900944e-02 -2.597149216461198604e-02 -5.654445854893064456e-03
4.250200251314862482e-02 -2.762097095118494841e-02 -5.297935129402499277e-03
4.211177832210549060e-02 -2.947024385407317690e-02 -5.479287410393238709e-03
4.161139741866132225e-02 -3.144655974075315913e-02 -6.209686993159591745e-03
4.099131487219508790e-02 -3.344889931081220652e-02 -7.450881535563029165e-03
4.026421158129231403e-02 -3.542800058897131732e-02 -9.104776222142375863e-03
3.944408217580665232e-02 -3.733900825855099304e-02 -1.106354941928378716e-02
3.850022606838582329e-02 -3.906341645059561996e-02 -1.321823244984818464e-02
3.740672653952314963e-02 -4.050360168883954115e-02 -1.542502435482982423e-02
3.616626984008836088e-02 -4.163357963221558933e-02 -1.752608182692140526e-02
3.478830267087557743e-02 -4.246531236912210600e-02 -1.938501700292892538e-02
3.328761980897502332e-02 -4.303352239042111671e-02 -2.089880784254247864e-02
3.168648054109707290e-02 -4.338487548110210590e-02 -2.200350637544467441e-02
3.000743787461574580e-02 -4.356127739729692694e-02 -2.267577267981698078e-02
2.827397037436035071e-02 -4.360727775111339355e-02 -2.292422771479213361e-02
2.651036980824648948e-02 -4.357482451398221601e-02 -2.278707934933483711e-02
2.473427728585101543e-02 -4.351381885737688748e-02 -2.232985576364858449e-02
2.295638411677229651e-02 -4.346902421034747055e-02 -2.163793056587757016e-02
2.118155544922257702e-02 -4.347688536711299262e-02 -2.080823118661034171e-02
1.940872455482933398e-02 -4.356003766311804942e-02 -1.994094465694267251e-02
1.763535907183866672e-02 -4.373316299425684950e-02 -1.912826326536064964e-02
1.585592075956711311e-02 -4.399489208364842918e-02 -1.845179559447528497e-02
1.406787899426430177e-02 -4.434348050408043473e-02 -1.796992331590987341e-02
1.228351763692233853e-02 -4.479458724078778237e-02 -1.771863583752411944e-02
1.051101910495345210e-02 -4.534180846204805687e-02 -1.772466813923727000e-02
8.753433862915264985e-03 -4.595732957857354140e-02 -1.799370343532746483e-02
7.022127518910496573e-03 -4.661733868514755796e-02 -1.850593423287615058e-02
5.332078936986895702e-03 -4.730304516372642321e-02 -1.922297284451504260e-02
3.697211283906423705e-03 -4.799546224406814332e-02 -2.009579763223724724e-02
2.127922702533401652e-03 -4.867294018892651120e-02 -2.106836199763840317e-02
6.331417939941482494e-04 -4.931634363579514430e-02 -2.208031439443341321e-02
-7.804302684623161054e-04 -4.991027321581295584e-02 -2.307202753309613857e-02
-2.109172789872105960e-03 -5.044408733178870619e-02 -2.398881364575645991e-02
-3.352305059488024618e-03 -5.091316824003436214e-02 -2.478470419771168498e-02
-4.511965370829229896e-03 -5.131867253401668771e-02 -2.542552232022060946e-02
-5.592672404832365468e-03 -5.166721751856084843e-02 -2.589069619174690778e-02
-6.600618021746437053e-03 -5.197013908934809689e-02 -2.617392255577649651e-02
-7.542938405151748855e-03 -5.224234354100290578e-02 -2.628272840992396803e-02
-8.427030915822595128e-03 -5.250089917770892761e-02 -2.623700072072720005e-02
-9.259952768161338471e-03 -5.276353529741902026e-02 -2.606666168681462392e-02
-1.004796466827533735e-02 -5.304715179637195521e-02 -2.580872583892649536e-02
-1.079622392480347401e-02 -5.336648818873857003e-02 -2.550399130673193515e-02
-1.150861911133722534e-02 -5.373306722700255111e-02 -2.519364593399921887e-02
-1.218774952176568047e-02 -5.415445105806838966e-02 -2.491607159882697903e-02
-1.283504003039628860e-02 -5.463382512112140155e-02 -2.470408185689771524e-02
-1.345093552136195428e-02 -5.516997970197963508e-02 -2.458275999894418348e-02
-1.403516033820569747e-02 -5.575762769191143498e-02 -2.456805650586492418e-02
-1.458707770044007784e-02 -5.638789166578106471e-02 -2.466621505706971876e-02
-1.510589515495502390e-02 -5.704938963853070644e-02 -2.487386659933085720e-02
-1.559090191613294457e-02 -5.772925939844016086e-02 -2.517905147173503735e-02
-1.604229267585046553e-02 -5.841299506032687078e-02 -2.556302263229320512e-02
-1.646098755303592592e-02 -5.908646698747552217e-02 -2.600152272022412947e-02
-1.684796162640513073e-02 -5.973825746655806596e-02 -2.646706745575133635e-02
-1.720499758654989164e-02 -6.035907198408897029e-02 -2.693197562967069442e-02
-1.753464996317015412e-02 -6.094222586425290800e-02 -2.737030783101047915e-02
-1.783978816414972038e-02 -6.148427596217057728e-02 -2.775975982263599248e-02
-1.812405031569243319e-02 -6.198397834338439244e-02 -2.808338434999432115e-02
-1.839170900311799806e-02 -6.244224729845339328e-02 -2.833018600886486743e-02
-1.864719296674962473e-02 -6.286247456173507664e-02 -2.849538774860935209e-02
-1.889499255184532572e-02 -6.325006940979381598e-02 -2.858045769004322056e-02
-1.913947428601495832e-02 -6.361184195297017729e-02 -2.859262614716231998e-02
-1.938463691570036299e-02 -6.395533292879426734e-02 -2.854395473771529496e-02
-1.963388185893939070e-02 -6.428815563504876318e-02 -2.845008924676566131e-02
-1.988986010310163366e-02 -6.461737036453137073e-02 -2.832883226255750175e-02
-2.015474496087937134e-02 -6.494820054374826623e-02 -2.819881506816359490e-02
-2.043025731998636407e-02 -6.528378152707459137e-02 -2.807768857388599770e-02
-2.071709851366605043e-02 -6.562621676082369682e-02 -2.798057847218814176e-02
-2.101546006948002560e-02 -6.597564734840699607e-02 -2.791964204096005278e-02
-2.132521513354735526e-02 -6.633037221884596768e-02 -2.790308197321814815e-02
-2.164531484399128541e-02 -6.668815360941136861e-02 -2.793469445517467176e-02
-2.197417423834588379e-02 -6.704598957933925740e-02 -2.801427235155940637e-02
-2.230999916328681512e-02 -6.739999511850661151e-02 -2.813799983952571665e-02
-2.265086614366964776e-02 -6.774578103598721812e-02 -2.829892263344350317e-02
-2.299506982636079569e-02 -6.807845032013784548e-02 -2.848776084691452895e-02
-2.334195326090648601e-02 -6.839169437032036059e-02 -2.869388255938851856e-02
-2.369109661193118804e-02 -6.868055226005993774e-02 -2.890510340168542247e-02
-2.404160698768019813e-02 -6.894291426198134731e-02 -2.910923372909254153e-02
-2.439300346922246981e-02 -6.917821404336516045e-02 -2.929561662667391070e-02
-2.474481884257411640e-02 -6.938755464719958965e-02 -2.945577857556764059e-02
-2.509669389300659553e-02 -6.957289105116312711e-02 -2.958410227782301560e-02
-2.544845998056579489e-02 -6.973668664180437959e-02 -2.967783362507776801e-02
-2.579988901207942026e-02 -6.988219702949863277e-02 -2.973692282814743848e-02
-2.615079379240992444e-02 -7.001324205743200690e-02 -2.976388854047508706e-02
-2.650105324109792299e-02 -7.013393945566070986e-02 -2.976347999847021170e-02
-2.685056085775470308e-02 -7.024841524075017829e-02 -2.974217447696496375e-02
-2.719913327762595034e-02 -7.036055033837645967e-02 -2.970755259257597952e-02
-2.754641893176928980e-02 -7.047376329803467510e-02 -2.966763969626143999e-02
-2.789185792044306111e-02 -7.059080816855528573e-02 -2.963026694950234713e-02
-2.823467643687617087e-02 -7.071363531488465692e-02 -2.960249082297132864e-02
-2.857391384032139173e-02 -7.084332730243463050e-02 -2.959011034298572596e-02
-2.890847070846234643e-02 -7.098011395461853446e-02 -2.959731308112797943e-02
-2.923717719836489010e-02 -7.112343675984854341e-02 -2.962647242084159860e-02
-2.955886144597344098e-02 -7.127207514484056039e-02 -2.967808758890645021e-02
-2.987240563357568268e-02 -7.142432341845175725e-02 -2.975086960282642690e-02
-3.017680782866953224e-02 -7.157816394912647207e-02 -2.984196429305768783e-02
-3.047122956986887329e-02 -7.173145870136635183e-02 -2.994726890647348566e-02
-3.075502239610710536e-02 -7.188214910296467086e-02 -3.006182229322283683e-02
-3.102775362422836858e-02 -7.202841582898905637e-02 -3.018024106552862421e-02
-3.128921429721830821e-02 -7.216881796767966872e-02 -3.029715175545001637e-02
-3.153941509669158649e-02 -7.230238346803742611e-02 -3.040759889153626244e-02
-3.177856758526644010e-02 -7.242866653315822856e-02 -3.050738523273440264e-02
-3.200705340317983039e-02 -7.254775159561960285e-02 -3.059333994035717125e-02
-3.222539042134774101e-02 -7.266021299980564285e-02 -3.066348386573143972e-02
-3.243418310838808161e-02 -7.276705015774041774e-02 -3.071709444423567983e-02
-3.263408761087376736e-02 -7.286956570719015092e-02 -3.075467695685199510e-02
-3.282576456799858600e-02 -7.296925765079552428e-02 -3.077783040556392180e-02
-3.300983922055450437e-02 -7.306769142032062958e-02 -3.078905338017062093e-02
-3.318688380521435388e-02 -7.316635598584053657e-02 -3.079149231715589546e-02
-3.335738523564643621e-02 -7.326657442374505391e-02 -3.078864776108621026e-02
-3.352174111779917393e-02 -7.336939312074018671e-02 -3.078409398288927540e-02
-3.368026333918859583e-02 -7.347551327295533119e-02 -3.078119519064870593e-02
-3.383317347832921762e-02 -7.358527011357628156e-02 -3.078286379985911356e-02
-3.398062875554509754e-02 -7.369860614404777355e-02 -3.079137708350643265e-02
-3.412273350621118639e-02 -7.381511108195180915e-02 -3.080824103226760535e-02
-3.425955747449485611e-02 -7.393407214686414930e-02 -3.083413663220200759e-02
-3.439116751775757319e-02 -7.405452841494011840e-02 -3.086892980561899841e-02
-3.451764393911237183e-02 -7.417535999976240801e-02 -3.091173761424563862e-02
-3.463909508208336957e-02 -7.429538564160746705e-02 -3.096104898042023601e-02
-3.475567780901144682e-02 -7.441343681551401690e-02 -3.101489305942101149e-02
-3.486760792467559489e-02 -7.452843981760912118e-02 -3.107101918521910228e-02
-3.497515680550269263e-02 -7.463949383009411964e-02 -3.112709021768619855e-02
-3.507865562311728025e-02 -7.474591207765553247e-02 -3.118087254740799230e-02
-3.517848497358481985e-02 -7.484725968879651914e-02 -3.123039855857855096e-02
-3.527506138234544342e-02 -7.494336562387160505e-02 -3.127410244646423865e-02
-3.536882584103573368e-02 -7.503430726976070830e-02 -3.131091524984943447e-02
-3.546022537331917912e-02 -7.512038505899157337e-02 -3.134031279638825607e-02
-3.554969276788105814e-02 -7.520208674986805786e-02 -3.136231876357707671e-02
-3.563763553629786807e-02 -7.528002259073457436e-02 -3.137747210019179583e-02
-3.572441839764591009e-02 -7.535487783549592311e-02 -3.138674527097887190e-02
-3.581038128575979307e-02 -7.542728350448532626e-02 -3.139146245880689023e-02
-3.589580855886451149e-02 -7.549783738311625914e-02 -3.139312740611923530e-02
-3.598088112623436252e-02 -7.556712236191445720e-02 -3.139331365737760282e-02
-3.606571658610624453e-02 -7.563560893657371442e-02 -3.139356515839236694e-02
-3.615036628784264183e-02 -7.570361853224660820e-02 -3.139528494465615438e-02
-3.623481865020194981e-02 -7.577131232231075486e-02 -3.139963241423875812e-02
-3.631900557084458830e-02 -7.583869607649459943e-02 -3.140745461980215536e-02
-3.640281906350218560e-02 -7.590563629469740392e-02 -3.141924310958300881e-02
-3.648612476820733974e-02 -7.597188602874471730e-02 -3.143512608164112515e-02
-3.656878185924704316e-02 -7.603710902321465792e-02 -3.145488668497897766e-02
-3.665065261527346296e-02 -7.610092041685385944e-02 -3.147800344614774815e-02
-3.673161407993211225e-02 -7.616292124312123990e-02 -3.150371360528152198e-02
-3.681156111552456867e-02 -7.622274534396528134e-02 -3.153108549093885243e-02
-3.689041298068371222e-02 -7.628008344774951655e-02 -3.155910843155075585e-02
-3.696812089423482522e-02 -7.633470035497566530e-02 -3.158677459322938030e-02
-3.704465857980999977e-02 -7.638646753392328015e-02 -3.161315215143838814e-02
-3.712002301748022759e-02 -7.643536465290057258e-02 -3.163745654078155278e-02
-3.719423036638683233e-02 -7.648148104924364088e-02 -3.165909827172076058e-02
-3.726731032706366575e-02 -7.652500219279698146e-02 -3.167771790353138966e-02
-3.733930096629428652e-02 -7.656619502816218448e-02 -3.169319403181627276e-02
-3.741023896340484045e-02 -7.660538971409125431e-02 -3.170563732756923048e-02
-3.748015804314100419e-02 -7.664294941035383613e-02 -3.171536597853925887e-02
-3.754907853777932070e-02 -7.667925450939819254e-02 -3.172286409089623144e-02
-3.761700386145083730e-02 -7.671467617949895290e-02 -3.172873597304275151e-02
-3.768392336907355755e-02 -7.674954354850327398e-02 -3.173365371685504810e-02
-3.774979499672419941e-02 -7.678416136631840971e-02 -3.173829035641021618e-02
-3.781454141384037182e-02 -7.681879778866822217e-02 -3.174328235007395360e-02
-3.787808616155075025e-02 -7.685360819882240679e-02 -3.174920030991389142e-02
-3.794035957580461915e-02 -7.688862980217360532e-02 -3.175649235259943304e-02
-3.800128230489399628e-02 -7.692383209251020537e-02 -3.176544280137372223e-02
-3.806077868894831850e-02 -7.695912079258040994e-02 -3.177617165717940007e-02
-3.811878720422604699e-02 -7.699435015548680705e-02 -3.178863542330689906e-02
-3.817525578084302734e-02 -7.702934876675250619e-02 -3.180264223398878570e-02
-3.823014569130135654e-02 -7.706393289257423840e-02 -3.181787851203950884e-02
-3.828342880329295428e-02 -7.709792775267790277e-02 -3.183394115662475238e-02
-3.833509227926345381e-02 -7.713117199494766429e-02 -3.185037851336522396e-02
-3.838514050894233087e-02 -7.716352892119761331e-02 -3.186672519992884978e-02
-3.843358890898679325e-02 -7.719490794034311598e-02 -3.188253595436500026e-02
-3.848046892224352838e-02 -7.722525974347635436e-02 -3.189742347567531278e-02
-3.852582634776499648e-02 -7.725458175486289714e-02 -3.191107995754383087e-02
-3.856971395346145415e-02 -7.728292248394941222e-02 -3.192329599163001852e-02
-3.861219617019076566e-02 -7.731036173411440227e-02 -3.193397346608942144e-02
-3.865334278069319784e-02 -7.733700896479668574e-02 -3.194312029715272450e-02
-3.869322319637213958e-02 -7.736299592532973335e-02 -3.195084374941273286e-02
-3.873190865091793306e-02 -7.738845808813318849e-02 -3.195733665521903466e-02
-3.876946793619020365e-02 -7.741352693748473901e-02 -3.196285474376888563e-02
-3.880596356565636090e-02 -7.743832405376818717e-02 -3.196769219957466823e-02
-3.884145104424999162e-02 -7.746295161882349456e-02 -3.197215816144865358e-02
-3.887597892716859738e-02 -7.748748433571277239e-02 -3.197655267660791389e-02
-3.890959044069552258e-02 -7.751196055247616679e-02 -3.198114561127495675e-02
-3.894231961281539867e-02 -7.753639164445357002e-02 -3.198615382784551764e-02
-3.897419222987743431e-02 -7.756076035933150148e-02 -3.199173338826924451e-02
-3.900523330304797587e-02 -7.758501535375642022e-02 -3.199797228103530566e-02
-3.903546373657514057e-02 -7.760908430208800224e-02 -3.200488596056931534e-02
-3.906489910213398892e-02 -7.763288792362926793e-02 -3.201242094882162520e-02
-3.909355725944582693e-02 -7.765633355904857926e-02 -3.202047045901795091e-02
-3.912145893223002019e-02 -7.767932781075953530e-02 -3.202888080848990959e-02
-3.914862591918420731e-02 -7.770178402763855408e-02 -3.203746993971034324e-02
-3.917508548020829512e-02 -7.772362699386801965e-02 -3.204604141621949370e-02
-3.920086832126980919e-02 -7.774479833143291274e-02 -3.205440277520595072e-02
-3.922600717338312060e-02 -7.776526675705790204e-02 -3.206237669022275749e-02
-3.925053766994719695e-02 -7.778502079408025627e-02 -3.206982051036246645e-02
-3.927450516857380891e-02 -7.780405735240225606e-02 -3.207663270389639332e-02
-3.929794824834530187e-02 -7.782240907904576510e-02 -3.208274984541911040e-02
-3.932090256833205982e-02 -7.784012868322380541e-02 -3.208815974880196986e-02
-3.934341193604423692e-02 -7.785726331757963914e-02 -3.209290017951839380e-02
-3.936551199985561383e-02 -7.787387824293511007e-02 -3.209704155884374882e-02
-3.938723508153519487e-02 -7.789003594979668210e-02 -3.210069054582682935e-02
-3.940860866876583213e-02 -7.790580341933296682e-02 -3.210396997621029619e-02
-3.942964997261785842e-02 -7.792124545265871616e-02 -3.210701785387164164e-02
-3.945038035194325943e-02 -7.793640061201365099e-02 -3.210997495853076117e-02
-3.947081070109402512e-02 -7.795130318315651730e-02 -3.211296667024006457e-02
-3.949094503718256211e-02 -7.796597708345540112e-02 -3.211609982749116798e-02
-3.951078325060809748e-02 -7.798043457651666899e-02 -3.211945569925288291e-02
-3.953032455406513268e-02 -7.799466746043173804e-02 -3.212308934415597506e-02
-3.954956657053521757e-02 -7.800865688498945238e-02 -3.212702070376774466e-02
-3.956850152495627188e-02 -7.802238150090670676e-02 -3.213123841651205348e-02
-3.958712198273284244e-02 -7.803581598549645670e-02 -3.213570353895695703e-02
-3.960542182880547046e-02 -7.804892982012613667e-02 -3.214035701645397841e-02
-3.962339430982462357e-02 -7.806169902161089191e-02 -3.214512072305331092e-02
-3.964103467219269594e-02 -7.807409923676619790e-02 -3.214991162618914544e-02
-3.965834429757184032e-02 -7.808610728143200452e-02 -3.215464320577001572e-02
-3.967532049544016115e-02 -7.809771897141899732e-02 -3.215923121231564763e-02
-3.969196491674134575e-02 -7.810893545870892241e-02 -3.216360583602392853e-02
-3.970828279244262987e-02 -7.811976472841894448e-02 -3.216771306681021070e-02
-3.972427898107893512e-02 -7.813022546607623076e-02 -3.217151743703039468e-02
-3.973995970689477020e-02 -7.814034300911666675e-02 -3.217500436793296892e-02
-3.975533045373173119e-02 -7.815015074821550500e-02 -3.217817913234102822e-02
-3.977039760818721487e-02 -7.815968270757905900e-02 -3.218106734347045417e-02
-3.978516991968893135e-02 -7.816896870927692031e-02 -3.218371020985937719e-02
-3.979965305879065718e-02 -7.817804249050167020e-02 -3.218615731686470111e-02
-3.981384905731909229e-02 -7.818694030191696009e-02 -3.218846489412879874e-02
-3.982775893387249105e-02 -7.819569409256693637e-02 -3.219069282964403395e-02
-3.984138658526670956e-02 -7.820431963679674858e-02 -3.219290170982717914e-02
-3.985473544193653128e-02 -7.821282536719376122e-02 -3.219514147577225843e-02
-3.986780117770497012e-02 -7.822122608318696213e-02 -3.219744849288946886e-02
-3.988058168754203547e-02 -7.822952500873876780e-02 -3.219985133359877516e-02
-3.989307774110711219e-02 -7.823771492921324788e-02 -3.220236467432088800e-02
-3.990528473717631919e-02 -7.824579335929708612e-02 -3.220498671149386871e-02
-3.991719995284517125e-02 -7.825375043880097858e-02 -3.220770656001357979e-02
-3.992882388583254838e-02 -7.826157089525635768e-02 -3.221050202523683542e-02
-3.994015721502735400e-02 -7.826923903747248779e-02 -3.221334233576399197e-02
-3.995120163429979193e-02 -7.827674280325701284e-02 -3.221618963111448630e-02
-3.996195898024555715e-02 -7.828407464520392711e-02 -3.221900489992345074e-02
-3.997243506135451929e-02 -7.829122609803158828e-02 -3.222175154608721698e-02
-3.998263542990700137e-02 -7.829819534815943283e-02 -3.222439554696159003e-02
-3.999256602658315951e-02 -7.830498499770699450e-02 -3.222691012040636294e-02
-4.000223685898735004e-02 -7.831159518059975511e-02 -3.222927792437869920e-02
-4.001165857107435997e-02 -7.831802990905971373e-02 -3.223148838573244856e-02
-4.002083781459429140e-02 -7.832430539461857077e-02 -3.223353772981851773e-02
-4.002978352297517639e-02 -7.833043493839546290e-02 -3.223543510583064264e-02
-4.003850641013653733e-02 -7.833643047330525466e-02 -3.223719618981536056e-02
-4.004701445233509183e-02 -7.834230587583851380e-02 -3.223884245898084311e-02
-4.005531680412688367e-02 -7.834807167385204885e-02 -3.224039931882102805e-02
-4.006342090313239068e-02 -7.835373874866775890e-02 -3.224189313541628299e-02
-4.007133338196932487e-02 -7.835931635335569023e-02 -3.224335007530172020e-02
-4.007905861886111587e-02 -7.836481471004702604e-02 -3.224479354438467005e-02
-4.008660146148227549e-02 -7.837023749239872827e-02 -3.224624567025123623e-02
-4.009396873420900675e-02 -7.837558074751549420e-02 -3.224772317096812058e-02
-4.010116536852533636e-02 -7.838084008695758720e-02 -3.224923501523846436e-02
-4.010819399986726569e-02 -7.838601446609326506e-02 -3.225078253192088795e-02
-4.011505772157959726e-02 -7.839110007184969808e-02 -3.225236351501092891e-02
-4.012176090069979190e-02 -7.839609051032601916e-02 -3.225397056110416993e-02
-4.012830966167898333e-02 -7.840097346758723162e-02 -3.225559360907684359e-02
-4.013470811731968679e-02 -7.840574376575429327e-02 -3.225721504930577355e-02
-4.014095672727420461e-02 -7.841040293705769937e-02 -3.225881754510406818e-02
-4.014706273726631469e-02 -7.841494232913487350e-02 -3.226038737893592578e-02
-4.015303159930099647e-02 -7.841935884029949122e-02 -3.226190852888054933e-02
-4.015886603753107686e-02 -7.842365552171462473e-02 -3.226336748824541745e-02
-4.016457170472911148e-02 -7.842783300548894498e-02 -3.226475571723428498e-02
-4.017015414669355272e-02 -7.843189385161676574e-02 -3.226606776574785646e-02
-4.017561835104778434e-02 -7.843584265338847394e-02 -3.226730203182411050e-02
-4.018096950621893176e-02 -7.843968486290468778e-02 -3.226846079910281051e-02
-4.018621072105452163e-02 -7.844343067895369337e-02 -3.226954898761950907e-02
-4.019134571119047095e-02 -7.844708759915670904e-02 -3.227057675273833220e-02
-4.019637887576935076e-02 -7.845066144362820848e-02 -3.227155556762534294e-02
-4.020131204104412936e-02 -7.845416035094718299e-02 -3.227249749907674936e-02
-4.020615000979374520e-02 -7.845758471063865591e-02 -3.227341669313086442e-02
-4.021089657826514008e-02 -7.846093667570265551e-02 -3.227432332116376285e-02
-4.021555169512078948e-02 -7.846422354953339062e-02 -3.227522559479362868e-02
-4.022011704473291149e-02 -7.846744832795807256e-02 -3.227613177210313794e-02
-4.022459404646486214e-02 -7.847061223710492806e-02 -3.227704755064215308e-02
-4.022898262880229142e-02 -7.847371665965743870e-02 -3.227797568553207597e-02
-4.023328488262384317e-02 -7.847675661661512869e-02 -3.227891777315654298e-02
-4.023750125196616512e-02 -7.847973132962544895e-02 -3.227986962236342044e-02
-4.024163211542106100e-02 -7.848263833214803864e-02 -3.228082726612317016e-02
-4.024567871154016013e-02 -7.848547703873709480e-02 -3.228178313253017573e-02
-4.024964144630114454e-02 -7.848824622184720490e-02 -3.228273107806846343e-02
-4.025352361551238350e-02 -7.849094196164499437e-02 -3.228366367730361314e-02
-4.025732471466464402e-02 -7.849356724944914210e-02 -3.228457252189504550e-02
-4.026104539591180559e-02 -7.849612424220422935e-02 -3.228545165843007408e-02
-4.026468792112030542e-02 -7.849861262456120370e-02 -3.228629727648310577e-02
-4.026825304027978336e-02 -7.850103602703206729e-02 -3.228710547910207396e-02
-4.027174090285225855e-02 -7.850339914463043411e-02 -3.228787528011612534e-02
-4.027515459221752553e-02 -7.850570202166941292e-02 -3.228860852449148139e-02
-4.027849646177907028e-02 -7.850794665191566934e-02 -3.228930688145000699e-02
-4.028176543068744814e-02 -7.851014244345000392e-02 -3.228997196196091435e-02
-4.028496327951926193e-02 -7.851229202813300723e-02 -3.229061055767024069e-02
-4.028809509594313831e-02 -7.851439214784403098e-02 -3.229122899307658445e-02
-4.029115966619283007e-02 -7.851645085682613934e-02 -3.229182964866611494e-02
-4.029415717035562949e-02 -7.851847190014085709e-02 -3.229241883754144227e-02
-4.029709115732349467e-02 -7.852045356278886112e-02 -3.229300196961971958e-02
-4.029996296670716044e-02 -7.852239559843604555e-02 -3.229358255969667219e-02
-4.030277181080120508e-02 -7.852430295736784194e-02 -3.229416112482510343e-02
-4.030551959072322527e-02 -7.852617261081945577e-02 -3.229474145885868896e-02
-4.030820579558530570e-02 -7.852800960223409177e-02 -3.229532083245642560e-02
-4.031082756783561233e-02 -7.852981777361603410e-02 -3.229590063189331783e-02
-4.031339112829548932e-02 -7.853158602814894196e-02 -3.229648230095207018e-02
-4.031589534944660103e-02 -7.853331665451873667e-02 -3.229706038374725863e-02
-4.031833888310931008e-02 -7.853501242630472889e-02 -3.229763183983882374e-02
-4.032072507149132151e-02 -7.853666967913935926e-02 -3.229819477011833251e-02
-4.032305617514828078e-02 -7.853828618087710378e-02 -3.229874595504877988e-02
-4.032533029333025543e-02 -7.853986939973735260e-02 -3.229927989997480320e-02
-4.032754923934042668e-02 -7.854141733293573679e-02 -3.229979768725105282e-02
-4.032971945086216703e-02 -7.854292182560444757e-02 -3.230029844158555097e-02
-4.033183886535864071e-02 -7.854439041018784762e-02 -3.230077736418028589e-02
-4.033390698034292066e-02 -7.854582837192364275e-02 -3.230123475611718781e-02
-4.033592761993834430e-02 -7.854723363525148438e-02 -3.230167322682851727e-02
-4.033790161691216264e-02 -7.854860871378702147e-02 -3.230209346815898080e-02
-4.033983209973854289e-02 -7.854994990368364960e-02 -3.230249907950937666e-02
-4.034171998080628152e-02 -7.855126133743955963e-02 -3.230288914324175309e-02
-4.034356285171494805e-02 -7.855255066116595408e-02 -3.230326602420156151e-02
-4.034536426157415978e-02 -7.855381558740170966e-02 -3.230363435884375800e-02
-4.034712516799307536e-02 -7.855505664615329564e-02 -3.230399645869264091e-02
-4.034884634908940393e-02 -7.855627375111712274e-02 -3.230435451365859523e-02
-4.035052924798920859e-02 -7.855746632112126093e-02 -3.230470983248971695e-02
-4.035217503435360731e-02 -7.855863411115368566e-02 -3.230506316564636660e-02
-4.035378339100657158e-02 -7.855978061671566037e-02 -3.230541370737147200e-02
-4.035535478698974721e-02 -7.856090615539834676e-02 -3.230576271421525814e-02
-4.035689450433033176e-02 -7.856200148639247427e-02 -3.230611176638233800e-02
-4.035840191925280790e-02 -7.856307016698281520e-02 -3.230645588703624088e-02
-4.035987296020687037e-02 -7.856412116923201794e-02 -3.230679286645342374e-02
-4.036130956610864406e-02 -7.856515304362715613e-02 -3.230712429610285014e-02
-4.036271562835143378e-02 -7.856615808020117608e-02 -3.230745145359170678e-02
-4.036409057552146906e-02 -7.856713860469594080e-02 -3.230777021992183029e-02
-4.036543300349199059e-02 -7.856809762545835518e-02 -3.230807982181205240e-02
-4.036674795048419973e-02 -7.856902851976522995e-02 -3.230838115165643454e-02
-4.036803305283717669e-02 -7.856993991408778300e-02 -3.230866984054963503e-02
-4.036928763025355443e-02 -7.857083396696876165e-02 -3.230894843443621323e-02
-4.037051692893954546e-02 -7.857170410752974121e-02 -3.230921876777227697e-02
-4.037172015301960376e-02 -7.857255279179242713e-02 -3.230947968897211059e-02
-4.037289853077147272e-02 -7.857337949407998401e-02 -3.230973200694477881e-02
-4.037405225555896343e-02 -7.857418759696850608e-02 -3.230997509309573718e-02
-4.037518096810228246e-02 -7.857497972521439167e-02 -3.231021065063993669e-02
-4.037628637949684102e-02 -7.857575515389397802e-02 -3.231044044886712679e-02
-4.037736945146205847e-02 -7.857651260432130247e-02 -3.231066612243517489e-02
-4.037843131404353358e-02 -7.857725129881887316e-02 -3.231088793706830831e-02
-4.037947240956867023e-02 -7.857797148092032780e-02 -3.231110613820278171e-02
-4.038049079065608726e-02 -7.857867978355442817e-02 -3.231131920896133936e-02
-4.038148620504643238e-02 -7.857937672628657888e-02 -3.231153009872675397e-02
-4.038246075833424459e-02 -7.858005969756821918e-02 -3.231173968015374487e-02
-4.038341194157200192e-02 -7.858073246286306768e-02 -3.231194742082649923e-02
-4.038434176385903573e-02 -7.858139045610232354e-02 -3.231215529317462559e-02
-4.038525288293298710e-02 -7.858202943721531719e-02 -3.231236240374252278e-02
-4.038614430522087517e-02 -7.858265252132860812e-02 -3.231256601470575834e-02
-4.038701722616957340e-02 -7.858325934671521462e-02 -3.231276585788218914e-02
-4.038787150655846064e-02 -7.858385344444672460e-02 -3.231295994100830821e-02
-4.038870708864480963e-02 -7.858443499694808820e-02 -3.231314935164482371e-02
-4.038952524456323329e-02 -7.858500312208570315e-02 -3.231333352348881444e-02
-4.039032455924472520e-02 -7.858555976535301635e-02 -3.231351224651053677e-02
-4.039110713491488036e-02 -7.858610129370699471e-02 -3.231368643933303642e-02
-4.039187356032583609e-02 -7.858662778153729933e-02 -3.231385495344919062e-02
-4.039262270924771220e-02 -7.858714294757593311e-02 -3.231401688854799309e-02
-4.039335553239124105e-02 -7.858764676910157121e-02 -3.231417345880986669e-02
-4.039407410431369860e-02 -7.858813674015677209e-02 -3.231432566024543956e-02
-4.039477671101743272e-02 -7.858861781608517116e-02 -3.231447198554585065e-02
-4.039546407426452407e-02 -7.858908824921564951e-02 -3.231461509024666223e-02
-4.039613644051585906e-02 -7.858955018443659901e-02 -3.231475388976869090e-02
-4.039679381438521233e-02 -7.859000183273918971e-02 -3.231489106168544678e-02
-4.039743745491540527e-02 -7.859044366417802796e-02 -3.231502521772874892e-02
-4.039806604013352481e-02 -7.859087688848409581e-02 -3.231515774198133462e-02
-4.039868120209914176e-02 -7.859130113507249715e-02 -3.231528815929748943e-02
-4.039928224685458702e-02 -7.859171704140160974e-02 -3.231541740207467123e-02
-4.039986963637297313e-02 -7.859212568493198492e-02 -3.231554469042571820e-02
-4.040044155419067473e-02 -7.859253004790926755e-02 -3.231567051637795895e-02
-4.040099990632584764e-02 -7.859292678913465391e-02 -3.231579630811262649e-02
-4.040154632169492416e-02 -7.859331231394173223e-02 -3.231592213498790667e-02
-4.040208032064761950e-02 -7.859368846416490972e-02 -3.231604576419431357e-02
-4.040260150363952224e-02 -7.859405683073877880e-02 -3.231616686947114125e-02
-4.040311177094544487e-02 -7.859441561251240271e-02 -3.231628558337664575e-02
-4.040361166646384145e-02 -7.859476462269891772e-02 -3.231640123837681289e-02
-4.040410016063464976e-02 -7.859510698689883834e-02 -3.231651252023837184e-02
-4.040457689972162814e-02 -7.859544360912686101e-02 -3.231662017069451831e-02
-4.040504376945956710e-02 -7.859577122657111781e-02 -3.231672517306941050e-02
-4.040550152741344964e-02 -7.859608841959966896e-02 -3.231682701699535587e-02
-4.040594768116052143e-02 -7.859640141248243339e-02 -3.231692357802970483e-02
-4.040638396262600379e-02 -7.859670651867861624e-02 -3.231701808030544576e-02
-4.040681362630106632e-02 -7.859699986272628003e-02 -3.231710989637623377e-02
-4.040723232093913070e-02 -7.859729025919201528e-02 -3.231719661571549190e-02
-4.040764163033965656e-02 -7.859757498431467482e-02 -3.231728147032575382e-02
-4.040804369330418255e-02 -7.859785161487232996e-02 -3.231736446555996678e-02
-4.040843541510962672e-02 -7.859812560617107646e-02 -3.231744460131016905e-02
-4.040881823542398499e-02 -7.859839409034186097e-02 -3.231752422723950524e-02
-4.040919399561547498e-02 -7.859865433765444998e-02 -3.231760338068046662e-02
-4.040956057194185214e-02 -7.859891075759897761e-02 -3.231768056342012446e-02
-4.040991897537581784e-02 -7.859916159690233384e-02 -3.231775744187335986e-02
-4.041027070954614220e-02 -7.859940543090335185e-02 -3.231783361748728767e-02
-4.041061420148781003e-02 -7.859964525307644445e-02 -3.231790829075986693e-02
-4.041094768635322687e-02 -7.859988552884698831e-02 -3.231798101250379224e-02
-4.041127303971435436e-02 -7.860012124539055012e-02 -3.231805504461758571e-02
-4.041159268063213017e-02 -7.860034831345469319e-02 -3.231812942434730829e-02
-4.041190441941328731e-02 -7.860057010021008483e-02 -3.231820231227149759e-02
-4.041220912265136578e-02 -7.860078636873432667e-02 -3.231827365147336983e-02
-4.041250831513325259e-02 -7.860099532754763474e-02 -3.231834360468192197e-02
-4.041280104690242458e-02 -7.860120034134882028e-02 -3.231841042558416394e-02
-4.041308695145563040e-02 -7.860140182167496548e-02 -3.231847516422040739e-02
-4.041336786698128403e-02 -7.860159700762260615e-02 -3.231853820149692413e-02
-4.041364186618412457e-02 -7.860178948590637593e-02 -3.231859825639837175e-02
-4.041391023614078482e-02 -7.860197605213625760e-02 -3.231865717336217247e-02
-4.041417357459693716e-02 -7.860215717659094214e-02 -3.231871354728445278e-02
-4.041442937995305684e-02 -7.860233739307935508e-02 -3.231876716746903688e-02
-4.041467934655987998e-02 -7.860251429862957773e-02 -3.231881982173692019e-02
-4.041492517571686205e-02 -7.860268458304014993e-02 -3.231887219601495970e-02
