1.508496411468606135e-01 8.902837600021523690e-02 -6.719824177362240802e-02
-1.111319380190900763e-01 -2.440761133392139320e-02 -1.076233272516247397e-01
-1.521863508714454971e-01 -6.279433480037280302e-02 -2.803895971370200940e-02
-1.594697771740682668e-01 -7.366630543054437930e-02 2.370340153914799255e-02
-1.406732843149463841e-01 -7.432962185974871516e-02 6.859680309255850039e-02
-1.079025718728189864e-01 -7.172298107928706812e-02 1.083044315860204054e-01
-6.989076875537000855e-02 -6.812611668781493046e-02 1.445969397041699522e-01
-3.120896494848185432e-02 -6.666552838078330934e-02 1.778898179593838280e-01
4.492946513219606836e-03 -6.834453656674814581e-02 2.036257665355108437e-01
3.201660951507382530e-02 -7.061064905412203774e-02 2.158158614619246074e-01
4.856016739296832585e-02 -7.329314285940422002e-02 2.116000685924850355e-01
5.418045924610407488e-02 -7.822629969664919580e-02 1.913896016536061617e-01
5.064741641713867148e-02 -8.651199666895686979e-02 1.575989378806579855e-01
4.106859723068062573e-02 -9.836501051014781560e-02 1.140086681880037589e-01
2.936476898675147162e-02 -1.134745714205538658e-01 6.476966724900479200e-02
1.904851062093031872e-02 -1.306598921343504194e-01 1.367085282009426056e-02
1.218869888262091861e-02 -1.471574327515969838e-01 -3.622893315682503002e-02
9.369958499293430665e-03 -1.596781665533453243e-01 -8.194629702638861479e-02
1.066232280380403734e-02 -1.665474776409034130e-01 -1.203564690535334214e-01
1.560385130207993763e-02 -1.675048341619012338e-01 -1.488818743841124892e-01
2.317041899602390390e-02 -1.629219290408330245e-01 -1.658797099773406947e-01
3.214472210944092218e-02 -1.535238917146251325e-01 -1.706727134646063293e-01
4.129876036433502429e-02 -1.400787845984036439e-01 -1.635472721903609705e-01
4.942907102477422931e-02 -1.232098682414712459e-01 -1.456392001086239674e-01
5.546712490229363524e-02 -1.035786279366706086e-01 -1.187127632977327540e-01
5.900778432337251689e-02 -8.302762251077507039e-02 -8.479669222270343198e-02
6.026419482154763557e-02 -6.416307890355460453e-02 -4.658172738138129099e-02
5.948909677324899781e-02 -4.904320552970653502e-02 -7.400821847266510559e-03
5.668287985138043689e-02 -3.812170575288679336e-02 2.909692984318550807e-02
5.182572828741478094e-02 -3.102940171561328203e-02 5.997036712360311744e-02
4.538159752410428349e-02 -2.774991217891591144e-02 8.324258378902789357e-02
3.785934010647723502e-02 -2.822610962468714152e-02 9.766887679887378826e-02
2.966499921082590974e-02 -3.206030009176262519e-02 1.026708955822533270e-01
2.109068632594367221e-02 -3.841452665925765286e-02 9.839113547381349301e-02
1.238021383052085277e-02 -4.616524857189024944e-02 8.572050459659544264e-02
3.826238807894727714e-03 -5.428026585464440501e-02 6.625738262317305838e-02
-4.174313605021686205e-03 -6.208350761817828245e-02 4.207356767997839919e-02
-1.124399856948358166e-02 -6.910450162581641131e-02 1.538120923676237345e-02
-1.718935802387724920e-02 -7.475313707142280939e-02 -1.171515461348960653e-02
-2.197325961551834309e-02 -7.842026276565372545e-02 -3.723807167516270805e-02
-2.554912200492187591e-02 -7.985470341647106507e-02 -5.939445545753946343e-02
-2.792163208364992905e-02 -7.909246459818564112e-02 -7.679806391363387663e-02
-2.926398336962159064e-02 -7.620854519440586894e-02 -8.858989723646282233e-02
-2.985274642835141629e-02 -7.135703847409388678e-02 -9.438665755036700078e-02
-2.987199365361331918e-02 -6.509019302561414033e-02 -9.419310985237125400e-02
-2.958118667642627500e-02 -5.786713015575281616e-02 -8.858662973109809879e-02
-2.937959696104514712e-02 -4.995180083885495531e-02 -7.848094558923113251e-02
-2.950672569826408298e-02 -4.183513523746030388e-02 -6.494422909875351146e-02
-3.010543768323172345e-02 -3.411743486866403857e-02 -4.920109331529189112e-02
-3.122615218739230314e-02 -2.742880827745154335e-02 -3.256559069975369786e-02
-3.280403320471016182e-02 -2.236781726372257667e-02 -1.635424686314442683e-02
-3.469729022573709437e-02 -1.936267660372127664e-02 -1.812899729296281112e-03
-3.677965867887830753e-02 -1.848595083211534290e-02 9.967336866367283721e-03
-3.889009181707257096e-02 -1.965183733288653964e-02 1.823596164182100104e-02
-4.083188232072562651e-02 -2.267162866686384115e-02 2.257001803335154794e-02
-4.249613615904065250e-02 -2.714431295770145317e-02 2.286523657186300545e-02
-4.382135002311238897e-02 -3.256935905998752101e-02 1.935747000469271659e-02
-4.479178648536068230e-02 -3.839473045176265698e-02 1.257973040639896734e-02
-4.537550532593957048e-02 -4.419509403616393023e-02 3.331833003433332802e-03
-4.550527419590320172e-02 -4.969550575997248865e-02 -7.461292480056533165e-03
-4.516578574047738770e-02 -5.460829523683814052e-02 -1.887455796193852550e-02
-4.437536127709074824e-02 -5.865972986493052377e-02 -3.001254065552138445e-02
-4.315418052898810364e-02 -6.166713457597991499e-02 -4.005307576437239225e-02
-4.152543366659060958e-02 -6.357844070688102589e-02 -4.830646920241585263e-02
-3.952916156684056076e-02 -6.445051649485052103e-02 -5.427966125005222187e-02
-3.722474058098431543e-02 -6.443124323487478544e-02 -5.769825800186419162e-02
-3.470859859374968853e-02 -6.367216039186758547e-02 -5.853052512259244999e-02
-3.210190675917443115e-02 -6.234071553472712163e-02 -5.693106296802679517e-02
-2.950122080248290118e-02 -6.067196659656098889e-02 -5.321075320589792323e-02
-2.701340809393718359e-02 -5.888427518757973628e-02 -4.782542065948749976e-02
-2.473239051818343706e-02 -5.719906000457997131e-02 -4.130992967674150529e-02
-2.272243992224083284e-02 -5.582836827555130027e-02 -3.424508706514409195e-02
-2.102274610269949662e-02 -5.495627152590321779e-02 -2.720798619288556514e-02
-1.963926206385670226e-02 -5.472362274984499814e-02 -2.073859559296501939e-02
-1.856776795150997736e-02 -5.518275544071021138e-02 -1.530414771037317753e-02
-1.779357118657856618e-02 -5.630093761646720596e-02 -1.125894491440758427e-02
-1.728141542779592157e-02 -5.800510655076908384e-02 -8.811501654976719791e-03
-1.698071008991194203e-02 -6.019095284468557044e-02 -8.031592315780156088e-03
-1.684492167219109326e-02 -6.271204955916628854e-02 -8.859198773756019746e-03
-1.682318890646247039e-02 -6.541031395390357883e-02 -1.111247147869655512e-02
-1.686166115175977837e-02 -6.813050241464088663e-02 -1.451384997008831924e-02
-1.691776846503775106e-02 -7.070994651857409607e-02 -1.872444959808995668e-02
-1.696003574335250286e-02 -7.299902846183371763e-02 -2.336549565547864707e-02
-1.696082059987805840e-02 -7.488816081980229078e-02 -2.804912680235629313e-02
-1.690492187633363397e-02 -7.630396568299911697e-02 -3.241484939177939617e-02
-1.679489104682414108e-02 -7.720156052080984210e-02 -3.615669578489331265e-02
-1.665535572069402892e-02 -7.755229599290472398e-02 -3.904155244410714709e-02
-1.651902518726931432e-02 -7.737108250883596716e-02 -4.090820096224787039e-02
-1.641577681869466065e-02 -7.672500723022890323e-02 -4.168041485917108047e-02
-1.637853538557270880e-02 -7.571226141841931601e-02 -4.137265763834953314e-02
-1.643599618112393315e-02 -7.445349562575770408e-02 -4.008308914335340090e-02
-1.661142658922842852e-02 -7.307454444291386353e-02 -3.798149092172922042e-02
-1.691965672005829244e-02 -7.169835871387351955e-02 -3.528879130332067404e-02
-1.736778453300501929e-02 -7.043242915398850723e-02 -3.225785692646992997e-02
-1.795560578355774595e-02 -6.936494760664226045e-02 -2.914874492451706434e-02
-1.867331505961715779e-02 -6.856464053858198071e-02 -2.620888463600885843e-02
-1.950794770596794153e-02 -6.806802621301785705e-02 -2.365770096343270193e-02
-2.044311495483078223e-02 -6.788156862312552664e-02 -2.166855534021720764e-02
-2.145558395611064234e-02 -6.799139366915840643e-02 -2.035732116975864925e-02
-2.251844901951420216e-02 -6.836319422135239687e-02 -1.978033647388614813e-02
-2.360378564349144975e-02 -6.894460699495762179e-02 -1.993448181758249171e-02
-2.468344592103922236e-02 -6.967079058314910867e-02 -2.076162762840728926e-02
-2.573099670064590144e-02 -7.047033060110230451e-02 -2.215668043589454420e-02
-2.672395805596817012e-02 -7.126984235437366921e-02 -2.397947943340935154e-02
-2.764320420525746141e-02 -7.200500049704829097e-02 -2.606598485975883048e-02
-2.847456701819463254e-02 -7.262215262521103110e-02 -2.824547580192186130e-02
-2.921266254454980837e-02 -7.307668356291813216e-02 -3.035361644417503002e-02
-2.985782406158242128e-02 -7.333988532757275414e-02 -3.224257612205060075e-02
-3.041545015185203107e-02 -7.340094171809635748e-02 -3.379112279467640090e-02
-3.089532678212452560e-02 -7.326652296255503627e-02 -3.491231472100077282e-02
-3.131052139212027463e-02 -7.295873892663573557e-02 -3.555785566289469679e-02
-3.167595945270883229e-02 -7.251211766692744476e-02 -3.571901847183886480e-02
-3.200625185535417583e-02 -7.197159120542465094e-02 -3.542403933602793209e-02
-3.231448374349941977e-02 -7.138796728433453864e-02 -3.473403870014583894e-02
-3.261197097165700193e-02 -7.081242734457401933e-02 -3.373616301694162822e-02
-3.290738096949515079e-02 -7.029250008702768449e-02 -3.253491928888033180e-02
-3.320647270962708703e-02 -6.986854146422830092e-02 -3.124274127217393365e-02
-3.351131894218476598e-02 -6.957267293939670139e-02 -2.997040083183824880e-02
-3.382082317567390584e-02 -6.942608822484808151e-02 -2.881938096827222490e-02
-3.413227216552673637e-02 -6.943600888711608243e-02 -2.787494527553294535e-02
-3.444012940483900942e-02 -6.959947677393860110e-02 -2.719929378533024467e-02
-3.473640159164389368e-02 -6.990437731314833036e-02 -2.682956467673727752e-02
-3.501301246756170771e-02 -7.032852220495976192e-02 -2.677724491621988334e-02
-3.526176662438855469e-02 -7.084294508299388005e-02 -2.702853673082075345e-02
-3.547482302468984994e-02 -7.141507819329406814e-02 -2.754715271606479263e-02
-3.564583003394476701e-02 -7.201067475937006357e-02 -2.827906075932007032e-02
-3.577075548122171655e-02 -7.259604024165780545e-02 -2.915773208007344311e-02
-3.584806869654969669e-02 -7.314067662891389487e-02 -3.010991774406973631e-02
-3.587940216831143891e-02 -7.361829015304904855e-02 -3.106184097549591350e-02
-3.586883744239560690e-02 -7.400994241630090564e-02 -3.194403051923935810e-02
-3.582196330905384335e-02 -7.430585830708444361e-02 -3.269666059888506893e-02
-3.574613920183360161e-02 -7.450432366638411186e-02 -3.327392355005202862e-02
-3.564975638631755206e-02 -7.461111311981000194e-02 -3.364647353517127848e-02
-3.554151885378906833e-02 -7.463846831389413239e-02 -3.380245212238276731e-02
-3.542989306247439074e-02 -7.460362360419810213e-02 -3.374716674278090828e-02
-3.532265916219624879e-02 -7.452707828169696791e-02 -3.350148753349709713e-02
-3.522655083761928874e-02 -7.443073190772639403e-02 -3.309918429490267544e-02
-3.514697419305878867e-02 -7.433606752079556512e-02 -3.258344974565956231e-02
-3.508779584152207920e-02 -7.426252966177104842e-02 -3.200294786951402709e-02
-3.505146045152723877e-02 -7.422569327455573462e-02 -3.140783104338637499e-02
-3.503899566904520452e-02 -7.423640043175873393e-02 -3.084559600841125723e-02
-3.504935820198946950e-02 -7.430180518996554184e-02 -3.035732527757433949e-02
-3.508000014240519882e-02 -7.442425771490185360e-02 -2.997579145951724533e-02
-3.512780316965159744e-02 -7.460039655679735759e-02 -2.972355420604123194e-02
-3.518891408964924805e-02 -7.482241180093839039e-02 -2.961163946453310852e-02
-3.525916621654415217e-02 -7.507898788821738834e-02 -2.963953025040096112e-02
-3.533448702393000851e-02 -7.535650770075562332e-02 -2.979602786417617083e-02
-3.541121761069132567e-02 -7.564029812550573939e-02 -3.006091212739562396e-02
-3.548674500008051902e-02 -7.591501233754019418e-02 -3.040732383187338267e-02
-3.555931914957344286e-02 -7.616666070085374718e-02 -3.080376543519587965e-02
-3.562762572963706215e-02 -7.638436590930131054e-02 -3.121697353542084163e-02
-3.569134463240059008e-02 -7.656007935125735964e-02 -3.161498435553718872e-02
-3.575109183018166520e-02 -7.668883837167370099e-02 -3.196937857107552683e-02
-3.580811136756962415e-02 -7.676915402599766847e-02 -3.225707635390959171e-02
-3.586414122841320024e-02 -7.680291372480584078e-02 -3.246173004066950363e-02
-3.592127311382647958e-02 -7.679501089561918681e-02 -3.257450532733458665e-02
-3.598175665537509810e-02 -7.675279427486561556e-02 -3.259422401885922471e-02
-3.604779010502497105e-02 -7.668536386648447389e-02 -3.252691196272727153e-02
-3.612131213794099460e-02 -7.660279014833981659e-02 -3.238482656497083945e-02
-3.620382115706961834e-02 -7.651531351302555406e-02 -3.218507958807349800e-02
-3.629624270597824748e-02 -7.643258005562139634e-02 -3.194799033383059067e-02
-3.639872159087734205e-02 -7.636326065934304075e-02 -3.169524848013722390e-02
-3.651061540154802026e-02 -7.631442229015997225e-02 -3.144830880383356342e-02
-3.663082277543355109e-02 -7.629057927353299906e-02 -3.122688435831447867e-02
-3.675783782169170233e-02 -7.629360206874641337e-02 -3.104737923685136486e-02
-3.688973410900703298e-02 -7.632305611619796815e-02 -3.092177712746772833e-02
-3.702436107919029884e-02 -7.637643692770440529e-02 -3.085706766936960332e-02
-3.715951121080258990e-02 -7.644952338836244476e-02 -3.085508521385327274e-02
-3.729303727513736538e-02 -7.653685609560306746e-02 -3.091273120092130622e-02
-3.742294866297953687e-02 -7.663226855663182735e-02 -3.102256352109571472e-02
-3.754750619386383603e-02 -7.672941677763468749e-02 -3.117367595883428072e-02
-3.766530041003116752e-02 -7.682228296329848827e-02 -3.135277942669421197e-02
-3.777527769190781870e-02 -7.690569465297088236e-02 -3.154536929955637642e-02
-3.787667561930788129e-02 -7.697587501112132524e-02 -3.173690939792145338e-02
-3.796920630406686731e-02 -7.703024903407953983e-02 -3.191412803405557080e-02
-3.805315657974903121e-02 -7.706737475294539452e-02 -3.206583842475184409e-02
-3.812915799928759397e-02 -7.708725857102236012e-02 -3.218352335047865165e-02
-3.819814120605646152e-02 -7.709128762009170854e-02 -3.226180903268189432e-02
-3.826126913669233853e-02 -7.708201589046655144e-02 -3.229867278372419714e-02
-3.831982222071416561e-02 -7.706289291129103658e-02 -3.229535718104705605e-02
-3.837506614992682030e-02 -7.703795065228422057e-02 -3.225604329278917992e-02
-3.842814555314885694e-02 -7.701144785275804150e-02 -3.218732732419198050e-02
-3.847999577650620256e-02 -7.698753151651965831e-02 -3.209754607860725723e-02
-3.853117427984771581e-02 -7.697016971462702917e-02 -3.199596852373222389e-02
-3.858192589447952126e-02 -7.696263043977093210e-02 -3.189218588778829078e-02
-3.863234646084085649e-02 -7.696701832725749703e-02 -3.179533098651456113e-02
-3.868228502322122730e-02 -7.698437134674843141e-02 -3.171330743563254007e-02
-3.873138503440033686e-02 -7.701471366519790918e-02 -3.165226333030372874e-02
-3.877917006663195859e-02 -7.705710811362971591e-02 -3.161626625771980087e-02
-3.882510694487372599e-02 -7.710979053444741438e-02 -3.160713825483950357e-02
-3.886864973693695408e-02 -7.717036026188893449e-02 -3.162447761394569096e-02
-3.890928549576518070e-02 -7.723600629006399654e-02 -3.166584365096567627e-02
-3.894657269578986891e-02 -7.730374830465353009e-02 -3.172709190083732034e-02
-3.898018322751144876e-02 -7.737066657223981569e-02 -3.180281417412132716e-02
-3.900993594805166054e-02 -7.743410387035538911e-02 -3.188684884852775736e-02
-3.903581613751030965e-02 -7.749184720737795073e-02 -3.197280248391763668e-02
-3.905797260774891699e-02 -7.754227341991924705e-02 -3.205455782129061626e-02
-3.907672156400870955e-02 -7.758440397281217427e-02 -3.212673248411045818e-02
-3.909252380444782488e-02 -7.761793270092404162e-02 -3.218503299870681400e-02
-3.910594049666794858e-02 -7.764321679783064978e-02 -3.222650463102559593e-02
-3.911761034242457191e-02 -7.766116615973304993e-02 -3.224967647956356737e-02
-3.912820392380737811e-02 -7.767314215009368805e-02 -3.225455660830199578e-02
-3.913837321418997539e-02 -7.768082430178716025e-02 -3.224253262155743482e-02
-3.914872296597276397e-02 -7.768604643088333761e-02 -3.221616846873441575e-02
-3.915977175159501833e-02 -7.769064847005024976e-02 -3.217892646927267980e-02
-3.917193195382628890e-02 -7.769632557900343905e-02 -3.213484070904069206e-02
-3.918549148606264437e-02 -7.770450939654517664e-02 -3.208816746247882684e-02
-3.920060681035832106e-02 -7.771627703092211237e-02 -3.204304442111861884e-02
-3.921730518887223127e-02 -7.773229432046965814e-02 -3.200318379060896473e-02
-3.923549733151814739e-02 -7.775279097802441364e-02 -3.197162079475573959e-02
-3.925499795696431315e-02 -7.777756982290759402e-02 -3.195053068022268850e-02
-3.927554900093134516e-02 -7.780605388985989412e-02 -3.194112246744643113e-02
-3.929684527746311884e-02 -7.783736168337228312e-02 -3.194361528917485232e-02
-3.931856564858786374e-02 -7.787039190219666174e-02 -3.195729505758426736e-02
-3.934039936654404324e-02 -7.790392711203847353e-02 -3.198063379847159576e-02
-3.936206847279598298e-02 -7.793673729700840991e-02 -3.201146648391808847e-02
-3.938335143957617107e-02 -7.796766857461211175e-02 -3.204720386559104656e-02
-3.940409117545051743e-02 -7.799573795323924696e-02 -3.208505693354785776e-02
-3.942420026511554015e-02 -7.802019956283244573e-02 -3.212226841053796023e-02
-3.944366750322318704e-02 -7.804057636279360111e-02 -3.215632457543055045e-02
-3.946254707609930801e-02 -7.805668869292071987e-02 -3.218512644755940760e-02
-3.948094561462102414e-02 -7.806865179696917401e-02 -3.220712377214166033e-02
-3.949901519053126975e-02 -7.807683512461952025e-02 -3.222139861079309497e-02
-3.951693340882261873e-02 -7.808182443052674726e-02 -3.222768572565615219e-02
-3.953487691305088841e-02 -7.808438045779857173e-02 -3.222634477845801731e-02
-3.955301149253677429e-02 -7.808535703200047973e-02 -3.221829718073125626e-02
-3.957148107338358950e-02 -7.808562514897579576e-02 -3.220491325542554351e-02
-3.959038902079093508e-02 -7.808601617795496441e-02 -3.218787235742162633e-02
-3.960978702728738809e-02 -7.808727218871917841e-02 -3.216901102121830225e-02
-3.962967702261959574e-02 -7.808998479883587363e-02 -3.215017847352905772e-02
-3.965001483548405425e-02 -7.809455951236474180e-02 -3.213308941689251713e-02
-3.967070407029824053e-02 -7.810121667667432876e-02 -3.211919845690699993e-02
-3.969160924999383389e-02 -7.810998123048429331e-02 -3.210961246949129572e-02
-3.971257110988263284e-02 -7.812068793210823203e-02 -3.210503017880115412e-02
-3.973341175450495477e-02 -7.813302153811474415e-02 -3.210571171225717890e-02
-3.975394570554920820e-02 -7.814655558789632139e-02 -3.211149238901278569e-02
-3.977399734498113237e-02 -7.816078671247717047e-02 -3.212182744385397998e-02
-3.979340982198004834e-02 -7.817518265004255729e-02 -3.213585853039515466e-02
-3.981205407491641979e-02 -7.818922538480291284e-02 -3.215250200746505582e-02
-3.982983773010959072e-02 -7.820244728025815828e-02 -3.217054762182521011e-02
-3.984670419103636396e-02 -7.821447427918166995e-02 -3.218875638126929978e-02
-3.986263105372161997e-02 -7.822505283555755695e-02 -3.220596000202121528e-02
-3.987764112343272771e-02 -7.823403523928129655e-02 -3.222115272063535291e-02
-3.989178565434746415e-02 -7.824141169648932137e-02 -3.223354105163148131e-02
-3.990513581170318513e-02 -7.824729679680549055e-02 -3.224260173823062514e-02
-3.991778688924563223e-02 -7.825190140780370618e-02 -3.224809905442916486e-02
-3.992984020707525394e-02 -7.825551854834797427e-02 -3.225008289384585086e-02
-3.994140077027092534e-02 -7.825849004304005763e-02 -3.224886352364828707e-02
-3.995256628715616876e-02 -7.826118036239382292e-02 -3.224496970975419818e-02
-3.996342343788941709e-02 -7.826394469029840373e-02 -3.223909220851604862e-02
-3.997404022634226672e-02 -7.826710653044219312e-02 -3.223201871402241875e-02
-3.998446263226924924e-02 -7.827093626371089963e-02 -3.222456714195743449e-02
-3.999471430029320762e-02 -7.827563147038396618e-02 -3.221752259894464926e-02
-4.000480042808236825e-02 -7.828129993726290481e-02 -3.221158030425824020e-02
-4.001470635237122653e-02 -7.828796533876505870e-02 -3.220729444885990500e-02
-4.002440358953122945e-02 -7.829556484524952120e-02 -3.220504977383812500e-02
-4.003385148099342095e-02 -7.830397099314601039e-02 -3.220503812162254370e-02
-4.004300452216079387e-02 -7.831299498379187818e-02 -3.220726626520659108e-02
-4.005182196124543181e-02 -7.832240364526035781e-02 -3.221156226073591811e-02
-4.006026403951355036e-02 -7.833194877610939744e-02 -3.221760243398070350e-02
-4.006829970124860252e-02 -7.834138621191599761e-02 -3.222494617131216321e-02
-4.007591171490133830e-02 -7.835048483841716704e-02 -3.223308338250731320e-02
-4.008309798694084658e-02 -7.835904901671604528e-02 -3.224147173864214122e-02
-4.008986977018752507e-02 -7.836692890500297770e-02 -3.224958556372416879e-02
-4.009625226343951909e-02 -7.837403410028759287e-02 -3.225694970998652794e-02
-4.010228168932547521e-02 -7.838033090861490360e-02 -3.226317968882572162e-02
-4.010800972652581176e-02 -7.838583377202143487e-02 -3.226800109246112658e-02
-4.011348982374831479e-02 -7.839061512275885546e-02 -3.227126070414660514e-02
-4.011877673301815495e-02 -7.839479321137177159e-02 -3.227293240456425433e-02
-4.012393225367739263e-02 -7.839849856080631507e-02 -3.227311654020945109e-02
-4.012901389447168232e-02 -7.840188266958639240e-02 -3.227201007229107965e-02
-4.013406421679904801e-02 -7.840511295828120342e-02 -3.226989140736959139e-02
-4.013912299661008543e-02 -7.840833845894856768e-02 -3.226709761429737838e-02
-4.014421898092541269e-02 -7.841168774782067419e-02 -3.226399014336256421e-02
-4.014936665896215451e-02 -7.841526528831935239e-02 -3.226092503308514853e-02
-4.015457209741422201e-02 -7.841913406350062288e-02 -3.225823050035787898e-02
-4.015983196006486788e-02 -7.842332014222935799e-02 -3.225617827483300004e-02
-4.016512956864348727e-02 -7.842782109867391105e-02 -3.225496828421523660e-02
-4.017044557041854480e-02 -7.843259400987837027e-02 -3.225472299436098200e-02
-4.017575650610016869e-02 -7.843756901651544045e-02 -3.225547841074370703e-02
-4.018103538969829830e-02 -7.844265735702772580e-02 -3.225718981589360823e-02
-4.018625767951099909e-02 -7.844775600559422690e-02 -3.225974060535147236e-02
-4.019139915758111054e-02 -7.845276321668735731e-02 -3.226295521631243612e-02
-4.019643826123552033e-02 -7.845758589981259579e-02 -3.226661839418960148e-02
-4.020136276371116119e-02 -7.846213458562767418e-02 -3.227049781649997395e-02
-4.020616628206237497e-02 -7.846634027524811150e-02 -3.227435627855246986e-02
-4.021084583064450657e-02 -7.847016019403453557e-02 -3.227797392682960065e-02
-4.021540622639593193e-02 -7.847357527527937249e-02 -3.228116356828726607e-02
-4.021985578590406285e-02 -7.847659341295062929e-02 -3.228378312116306909e-02
-4.022420945283716048e-02 -7.847923971671572074e-02 -3.228574458654630275e-02
-4.022848359190597106e-02 -7.848156110509475758e-02 -3.228701326599006660e-02
-4.023269192923493304e-02 -7.848362567832430081e-02 -3.228760811131754782e-02
-4.023685108163814472e-02 -7.848550338147183836e-02 -3.228760067847134818e-02
-4.024097471846362767e-02 -7.848727072560929274e-02 -3.228709974693744211e-02
-4.024507159585667682e-02 -7.848900254512340691e-02 -3.228624485122514459e-02
-4.024915007750114182e-02 -7.849076122291477609e-02 -3.228519198996344930e-02
-4.025321299823318710e-02 -7.849259880184641935e-02 -3.228409947919366751e-02
-4.025725885895153899e-02 -7.849455382366207767e-02 -3.228311565343941480e-02
-4.026128103340316511e-02 -7.849665091033267150e-02 -3.228236897032393110e-02
-4.026527006539253745e-02 -7.849889681676323894e-02 -3.228196055964053374e-02
-4.026921499031549390e-02 -7.850127961037953184e-02 -3.228195806079148938e-02
-4.027310294438631033e-02 -7.850377388134700818e-02 -3.228239119379426592e-02
-4.027691796950089859e-02 -7.850634866188681282e-02 -3.228325188159479608e-02
-4.028064511534320408e-02 -7.850896443881927311e-02 -3.228450072863357778e-02
-4.028427479017944457e-02 -7.851157058365026975e-02 -3.228607178344135298e-02
-4.028779680607528363e-02 -7.851412329291006242e-02 -3.228787423829532210e-02
-4.029120118460199906e-02 -7.851658706421298095e-02 -3.228980576579879719e-02
-4.029448422471232361e-02 -7.851892862837023257e-02 -3.229176213690459346e-02
-4.029764465515983662e-02 -7.852112465595370572e-02 -3.229364290334611753e-02
-4.030068533926919883e-02 -7.852315900027496964e-02 -3.229536036307538438e-02
-4.030361068574706690e-02 -7.852503022140289168e-02 -3.229684216090313031e-02
-4.030642625953578112e-02 -7.852674827037463279e-02 -3.229803949259319601e-02
-4.030914304561601658e-02 -7.852832598995153346e-02 -3.229892887828234721e-02
-4.031177101544811125e-02 -7.852978720838693638e-02 -3.229950891016119402e-02
-4.031431890950068486e-02 -7.853116332146506395e-02 -3.229980113100600764e-02
-4.031679725688279425e-02 -7.853248409191851409e-02 -3.229984810770383102e-02
-4.031921413101236668e-02 -7.853378238389767396e-02 -3.229970547267180248e-02
-4.032157536051696883e-02 -7.853508852479729185e-02 -3.229943976204254635e-02
-4.032388857081989353e-02 -7.853642180560457819e-02 -3.229912226977125350e-02
-4.032615586090846499e-02 -7.853780336260299255e-02 -3.229881875285145476e-02
-4.032837628931079665e-02 -7.853924850466037499e-02 -3.229859046053433491e-02
-4.033055387482006870e-02 -7.854075287426502683e-02 -3.229849033908985950e-02
-4.033268894981410779e-02 -7.854231026094173063e-02 -3.229855226170355587e-02
-4.033477432006749713e-02 -7.854392092494794086e-02 -3.229879261348646280e-02
-4.033680736410270862e-02 -7.854556956272606971e-02 -3.229921797370835512e-02
-4.033878806581525645e-02 -7.854723276570574342e-02 -3.229981774245515441e-02
-4.034071132159004064e-02 -7.854889319562764760e-02 -3.230056549255474335e-02
-4.034257333514232324e-02 -7.855053281071960880e-02 -3.230142583719212979e-02
-4.034437402488100927e-02 -7.855212943814475490e-02 -3.230235816818947947e-02
-4.034611405138961021e-02 -7.855366495225826751e-02 -3.230331655245430311e-02
-4.034779538690513173e-02 -7.855512389404727125e-02 -3.230425624831756437e-02
-4.034942189069062879e-02 -7.855649632735955956e-02 -3.230513481873861781e-02
-4.035099499962130354e-02 -7.855778385816715448e-02 -3.230591605004103084e-02
-4.035251835211252358e-02 -7.855899014036935024e-02 -3.230657540329408967e-02
-4.035399963175038268e-02 -7.856011515550515023e-02 -3.230710031912515517e-02
-4.035544363840072590e-02 -7.856116916379232706e-02 -3.230748472029214280e-02
-4.035685365896971022e-02 -7.856216643797722665e-02 -3.230773488794802528e-02
-4.035823616546697218e-02 -7.856311847402185078e-02 -3.230786683425289352e-02
-4.035959594547280926e-02 -7.856403832218344929e-02 -3.230790345368222960e-02
-4.036093680803270328e-02 -7.856493972959086025e-02 -3.230787198125940896e-02
-4.036226073679947957e-02 -7.856583648986097124e-02 -3.230780268248943654e-02
-4.036356993231657309e-02 -7.856673778993575330e-02 -3.230772692236275057e-02
-4.036486537758617738e-02 -7.856765015916236661e-02 -3.230767335069203300e-02
-4.036614734352731576e-02 -7.856857592820309932e-02 -3.230766672421588048e-02
-4.036741296065937679e-02 -7.856952019336631288e-02 -3.230772402984812691e-02
-4.036866205819161085e-02 -7.857047615714851663e-02 -3.230786022027713755e-02
-4.036989592300610497e-02 -7.857143415085725280e-02 -3.230807904386603230e-02
-4.037110968757429141e-02 -7.857239212347312540e-02 -3.230837608085040946e-02
-4.037230276715859933e-02 -7.857334027300812151e-02 -3.230874355519207375e-02
-4.037347446007147345e-02 -7.857426923605095870e-02 -3.230916714757527813e-02
-4.037462060946481884e-02 -7.857517655951729019e-02 -3.230962771182513404e-02
-4.037574248574228586e-02 -7.857604911094652478e-02 -3.231010885256085235e-02
-4.037683909932657245e-02 -7.857688385240807483e-02 -3.231058745741263727e-02
-4.037790631783157169e-02 -7.857768238951343132e-02 -3.231104531570110766e-02
-4.037894788693523196e-02 -7.857843739038281039e-02 -3.231146826689863805e-02
-4.037996680072641897e-02 -7.857914360936313347e-02 -3.231184417376055384e-02
-4.038096434934744516e-02 -7.857980425550874226e-02 -3.231216173944830017e-02
-4.038194003576661001e-02 -7.858042812318127845e-02 -3.231241598833542450e-02
-4.038289612277196072e-02 -7.858102141911889327e-02 -3.231260845625630318e-02
-4.038383429444909745e-02 -7.858159040853200661e-02 -3.231274514078823212e-02
-4.038475782556118221e-02 -7.858213693251295262e-02 -3.231283617124246915e-02
-4.038566744236717077e-02 -7.858266844389734385e-02 -3.231289097764410839e-02
-4.038656306635231286e-02 -7.858319182176076723e-02 -3.231292267905560428e-02
-4.038744535365318411e-02 -7.858371357909117727e-02 -3.231294402767602436e-02
-4.038831414070092468e-02 -7.858423740587641704e-02 -3.231296923309109892e-02
-4.038916968998918638e-02 -7.858476571974656877e-02 -3.231300943733365905e-02
-4.039001058280491246e-02 -7.858529989845916552e-02 -3.231307455682641550e-02
-4.039083753337166516e-02 -7.858583680281508443e-02 -3.231317139695984164e-02
-4.039164756871020667e-02 -7.858637892814725190e-02 -3.231330173977485509e-02
-4.039243922381333118e-02 -7.858692404156125688e-02 -3.231346712754037259e-02
-4.039321355049169809e-02 -7.858746527508643498e-02 -3.231366577520216471e-02
-4.039396894945272709e-02 -7.858800004299575093e-02 -3.231389148027262459e-02
-4.039470417161188098e-02 -7.858852567359279895e-02 -3.231413697444045219e-02
-4.039542124026870851e-02 -7.858903397639220578e-02 -3.231439507514916043e-02
-4.039611796789654985e-02 -7.858952778971439734e-02 -3.231465363371017335e-02
-4.039679400405411791e-02 -7.859000423000993274e-02 -3.231490638312815855e-02
-4.039745370407885061e-02 -7.859045602551298360e-02 -3.231514565056065741e-02
-4.039809418658026757e-02 -7.859088896948430991e-02 -3.231536240282243538e-02
-4.039871395411900878e-02 -7.859130842819762874e-02 -3.231555225337968268e-02
-4.039931601676782780e-02 -7.859171099257517001e-02 -3.231571583508315720e-02
-4.039990266411265518e-02 -7.859209585258686293e-02 -3.231585221502510097e-02
-4.040047305499272490e-02 -7.859246782846154855e-02 -3.231596184258114790e-02
-4.040102977491612235e-02 -7.859282693336451520e-02 -3.231604869470412061e-02
-4.040157336918058506e-02 -7.859317829594969496e-02 -3.231611575445464402e-02
-4.040210415974709174e-02 -7.859352527894344909e-02 -3.231616930439955293e-02
-4.040262388266115112e-02 -7.859386927365316633e-02 -3.231621527040677566e-02
-4.040313313842245485e-02 -7.859421083542403319e-02 -3.231626009274839867e-02
-4.040363318997045039e-02 -7.859454975661471499e-02 -3.231630851388453407e-02
-4.040412496855467356e-02 -7.859488459871488697e-02 -3.231636504319619629e-02
-4.040460720371998743e-02 -7.859521984998131539e-02 -3.231643046523748064e-02
-4.040507606166206245e-02 -7.859556224358363319e-02 -3.231650704931526147e-02
-4.040553482959388654e-02 -7.859590338865217463e-02 -3.231659977199254075e-02
-4.040598393055638837e-02 -7.859624040246186716e-02 -3.231670669855359751e-02
-4.040642197269346536e-02 -7.859657157560910601e-02 -3.231682613418274813e-02
-4.040684928044140783e-02 -7.859689628414234797e-02 -3.231695390536244716e-02
-4.040726405486660955e-02 -7.859721638289914047e-02 -3.231708676653153450e-02
-4.040766862966169159e-02 -7.859752687367765889e-02 -3.231722254902519298e-02
-4.040806446433713173e-02 -7.859782395135515853e-02 -3.231735731447177296e-02
-4.040844904211436661e-02 -7.859811296180707618e-02 -3.231748493745639078e-02
-4.040882157283651188e-02 -7.859839508599211766e-02 -3.231760415544727982e-02
-4.040918615349922693e-02 -7.859866352031229242e-02 -3.231771462555649288e-02
-4.040954288231506791e-02 -7.859891895187021138e-02 -3.231781309937334368e-02
-4.040989020425310441e-02 -7.859916618859311144e-02 -3.231789773548194439e-02
-4.041022893571763475e-02 -7.859940645169416484e-02 -3.231796978048492169e-02
-4.041056044296244959e-02 -7.859963965962767085e-02 -3.231803096618804383e-02
-4.041088445206622581e-02 -7.859986817957198557e-02 -3.231808273030799261e-02
-4.041120277707077602e-02 -7.860008947206323371e-02 -3.231812862928288427e-02
-4.041151704991617633e-02 -7.860030284152545732e-02 -3.231816992809020961e-02
-4.041182636808650364e-02 -7.860051155880351526e-02 -3.231820794891182569e-02
-4.041212886458835085e-02 -7.860072223745581677e-02 -3.231824378588893376e-02
-4.041242453446193539e-02 -7.860093473218951465e-02 -3.231828233413085172e-02
-4.041271723476676236e-02 -7.860114132821639787e-02 -3.231832704977501830e-02
-4.041300430176828634e-02 -7.860134645605623693e-02 -3.231837596567919968e-02
-4.041328470581437987e-02 -7.860155046714967231e-02 -3.231843076791586500e-02
-4.041355823108162132e-02 -7.860175545975697786e-02 -3.231849047048961088e-02
-4.041382619767512618e-02 -7.860195576063977452e-02 -3.231855782040773950e-02
-4.041409230633170868e-02 -7.860214507846308152e-02 -3.231863039259535303e-02
-4.041435213356876083e-02 -7.860233092912864705e-02 -3.231870355898735364e-02
-4.041460565353736933e-02 -7.860251394893986998e-02 -3.231877694369766907e-02
-4.041485421446023435e-02 -7.860269195196693814e-02 -3.231884993962935715e-02
-4.041509944504805690e-02 -7.860286008383830791e-02 -3.231892200019092359e-02
-4.041533905884474309e-02 -7.860302365277127556e-02 -3.231898847176949835e-02
-4.041556915625398733e-02 -7.860318932112020374e-02 -3.231904901734391350e-02
-4.041579414084506272e-02 -7.860334873668109457e-02 -3.231910697276631217e-02
-4.041601605241426642e-02 -7.860349793582589728e-02 -3.231916103081503011e-02
-4.041623250195096329e-02 -7.860364189462533402e-02 -3.231920861409597057e-02
-4.041644285527352942e-02 -7.860378399268821981e-02 -3.231925011051926810e-02
-4.041664791202488616e-02 -7.860392481351188843e-02 -3.231928720025076252e-02
-4.041685010157645280e-02 -7.860405977399589905e-02 -3.231932246839468170e-02
-4.041705088856531458e-02 -7.860418688645315344e-02 -3.231935554103831237e-02
-4.041724852408334900e-02 -7.860431028542300136e-02 -3.231938545276956398e-02
-4.041744179761419531e-02 -7.860443422219531850e-02 -3.231941276845956557e-02
-4.041762991706497610e-02 -7.860456103987090160e-02 -3.231943952715269491e-02
-4.041781336185541751e-02 -7.860468900546757620e-02 -3.231946833106397188e-02
-4.041799258587146226e-02 -7.860481572586971999e-02 -3.231950036006719928e-02
-4.041816832706560114e-02 -7.860493825687396574e-02 -3.231953605314604600e-02
-4.041834054191582870e-02 -7.860505715832936946e-02 -3.231957392301998411e-02
-4.041850900817308551e-02 -7.860517330937763503e-02 -3.231961354335733533e-02
-4.041867451488050794e-02 -7.860528664155674861e-02 -3.231965430761327140e-02
-4.041883502997406508e-02 -7.860540158681866840e-02 -3.231969487572802086e-02
-4.041899181371385458e-02 -7.860551423371479884e-02 -3.231973724965990502e-02
-4.041914761426350367e-02 -7.860561888588064872e-02 -3.231978066817101092e-02
-4.041929861608823532e-02 -7.860572262730929072e-02 -3.231982111611663572e-02
-4.041944393310743788e-02 -7.860582673864674463e-02 -3.231985968165342754e-02
-4.041958648576991081e-02 -7.860592664523158302e-02 -3.231989725908699512e-02
-4.041972545285948959e-02 -7.860602349900078223e-02 -3.231993253728866061e-02
-4.041986010163549359e-02 -7.860611880150585040e-02 -3.231996510397045635e-02
-4.041999206821631635e-02 -7.860620973752505125e-02 -3.231999597198839669e-02
-4.042012282982233168e-02 -7.860629440841079840e-02 -3.232002458329045341e-02
-4.042025158033181464e-02 -7.860637529671994639e-02 -3.232004970109311759e-02
-4.042037852682940635e-02 -7.860645315874786876e-02 -3.232007174992615472e-02
-4.042050337366234064e-02 -7.860652999319345247e-02 -3.232009072128418092e-02
-4.042062467156972566e-02 -7.860660853947212812e-02 -3.232010747926751526e-02
-4.042074211472081874e-02 -7.860668900554265703e-02 -3.232012364064811016e-02
-4.042085634557587848e-02 -7.860676881663333782e-02 -3.232014102592457860e-02
-4.042096709365880502e-02 -7.860684811113521908e-02 -3.232015939282528727e-02
-4.042107465361174934e-02 -7.860692551411221918e-02 -3.232017966940167047e-02
-4.042117902092262627e-02 -7.860700268660811285e-02 -3.232020074878400734e-02
-4.042128074897997220e-02 -7.860707803889309397e-02 -3.232022404159889950e-02
-4.042138279699154790e-02 -7.860714729396132971e-02 -3.232024918691082244e-02
-4.042148273033817352e-02 -7.860721564494534130e-02 -3.232027351972550921e-02
-4.042157985151841743e-02 -7.860728459788939027e-02 -3.232029758437872380e-02
-4.042167379878724293e-02 -7.860735564996580715e-02 -3.232032118495324624e-02
-4.042176386372017122e-02 -7.860742821136712521e-02 -3.232034559411562508e-02
-4.042185260609130332e-02 -7.860749612528233898e-02 -3.232037174156510845e-02
-4.042193973013970959e-02 -7.860755953791287443e-02 -3.232039743186061742e-02
-4.042202407322005586e-02 -7.860762116287368928e-02 -3.232042135790864218e-02
-4.042210630626059953e-02 -7.860768136867357647e-02 -3.232044358937612855e-02
-4.042218629414807973e-02 -7.860774147724602923e-02 -3.232046398650274821e-02
-4.042226369879851899e-02 -7.860780203423101131e-02 -3.232048306393708881e-02
-4.042233950277050736e-02 -7.860786058723293057e-02 -3.232050173658903430e-02
-4.042241439153147764e-02 -7.860791548770801329e-02 -3.232051970397992191e-02
-4.042248826158369168e-02 -7.860796708775638630e-02 -3.232053624588283186e-02
-4.042255995824842879e-02 -7.860801897647340386e-02 -3.232055039500881383e-02
-4.042263075361141045e-02 -7.860806875972065066e-02 -3.232056419094539446e-02
-4.042270195199305916e-02 -7.860811527009226030e-02 -3.232057706033400479e-02
-4.042277190278478760e-02 -7.860816106825858907e-02 -3.232058866795888691e-02
-4.042284066678417803e-02 -7.860820676284502317e-02 -3.232059933460464107e-02
-4.042290804034878032e-02 -7.860825241333352364e-02 -3.232060985106351841e-02
-4.042297442471042002e-02 -7.860829699668850368e-02 -3.232062068588300446e-02
-4.042303952417800744e-02 -7.860834061645280424e-02 -3.232063181371228056e-02
-4.042310319579109357e-02 -7.860838344441581360e-02 -3.232064325495822427e-02
-4.042316375644795790e-02 -7.860842927140752889e-02 -3.232065427113981620e-02
-4.042322270088437308e-02 -7.860847395433626095e-02 -3.232066749522756466e-02
-4.042328268540937297e-02 -7.860851298389878727e-02 -3.232068226110869358e-02
-4.042334100620666865e-02 -7.860855132713692739e-02 -3.232069606502508546e-02
-4.042339612621196482e-02 -7.860859297079204888e-02 -3.232070874611474992e-02
-4.042345000564089019e-02 -7.860863397137482500e-02 -3.232072270328077701e-02
-4.042350498600055797e-02 -7.860866952800023288e-02 -3.232073780292805260e-02
-4.042355888571048939e-02 -7.860870359562716070e-02 -3.232075139291956667e-02
-4.042361098272668346e-02 -7.860873765072216857e-02 -3.232076378710337788e-02
-4.042366289455003037e-02 -7.860876961156375298e-02 -3.232077557061478063e-02
-4.042371339497887600e-02 -7.860880200228892445e-02 -3.232078582350843970e-02
-4.042376272090982686e-02 -7.860883356138842482e-02 -3.232079573302293340e-02
-4.042381044432675347e-02 -7.860886587607361642e-02 -3.232080441204711330e-02
-4.042385605106256496e-02 -7.860889850501573406e-02 -3.232081320715990413e-02
-4.042390101840011296e-02 -7.860892935607027843e-02 -3.232082210726519578e-02
-4.042394340491188565e-02 -7.860896187082908049e-02 -3.232083030664589796e-02
-4.042398334622933354e-02 -7.860899598381661246e-02 -3.232083883544115133e-02
-4.042402336826372150e-02 -7.860902662010479935e-02 -3.232084916133216856e-02
