1.200839391246774357e-01 8.755187280335534339e-02 1.146031550842798938e-02
3.739533598769598233e-02 1.654961969073883710e-01 5.712269426600950772e-02
-7.935844013604691216e-03 2.386330056325601801e-01 3.370149240105557026e-02
-7.745121585081618520e-02 2.830887707411461340e-01 3.409096301566519327e-02
-1.347254152348112688e-01 2.782769292861621002e-01 5.797360444752768655e-02
-1.767190187513258959e-01 2.388050115760882164e-01 7.746766462294460420e-02
-2.062199482214398250e-01 1.843812961784346283e-01 8.096486061400727519e-02
-2.237066511496346721e-01 1.283692241599525552e-01 7.023153669116026510e-02
-2.285597425887782308e-01 7.709760358784936707e-02 5.058986934084856724e-02
-2.218449136803430644e-01 3.278184044055394708e-02 2.633038800757851738e-02
-2.059075575646716061e-01 -5.154764380751299460e-03 3.013632751592970616e-04
-1.836615212009546361e-01 -3.759619778618285973e-02 -2.576808620762023952e-02
-1.579381441909387118e-01 -6.411752194613631883e-02 -5.045717531476050233e-02
-1.305957719935494643e-01 -8.377436587420605818e-02 -7.190489419613819988e-02
-1.020932148289634689e-01 -9.681360964791710377e-02 -8.782997542968708216e-02
-7.258363319719560169e-02 -1.036712275153186258e-01 -9.675013215392164190e-02
-4.296296950680675297e-02 -1.040935510445906570e-01 -9.811120059158602580e-02
-1.423828505009126950e-02 -9.857495854758283049e-02 -9.181878938717541461e-02
1.266205949304060815e-02 -8.864387744315715967e-02 -7.838114885636965345e-02
3.652270711116620966e-02 -7.565379531941068825e-02 -5.916390373151761417e-02
5.611295442109298648e-02 -6.073575393662696692e-02 -3.587275571579182087e-02
7.081094893805431334e-02 -4.539652595902883558e-02 -1.025206401645323978e-02
8.071325895703740372e-02 -3.160456860497470877e-02 1.593833263680128828e-02
8.649000604796550085e-02 -2.131099927575864916e-02 4.075815845126606884e-02
8.880978250901341853e-02 -1.528083040634892024e-02 6.205440906899230974e-02
8.839658291835891801e-02 -1.348608742935630475e-02 7.808768137959616606e-02
8.624778367283086888e-02 -1.582353421046907987e-02 8.773765012267786823e-02
8.329806866888844752e-02 -2.196337224508628991e-02 9.040931725681221331e-02
8.013343497010003147e-02 -3.095360923853066742e-02 8.594714987409968199e-02
7.691108976643573625e-02 -4.121311880093660868e-02 7.479692868189496968e-02
7.383622850992627162e-02 -5.161580085047926675e-02 5.823410817857391925e-02
7.111410863891708123e-02 -6.136525385157957230e-02 3.787666656146303906e-02
6.864060101235158751e-02 -6.949456704156753428e-02 1.547066149478648275e-02
6.644086107115909634e-02 -7.559038053874118923e-02 -7.034119819075552310e-03
6.463556308060434963e-02 -7.960105327234698325e-02 -2.788635387951893946e-02
6.317642375373400121e-02 -8.138610852994970779e-02 -4.569997846372877981e-02
6.200223621175840472e-02 -8.094527337185421223e-02 -5.940643933700096024e-02
6.096990034317258111e-02 -7.828715822717713380e-02 -6.835822317055398334e-02
5.984555016035974367e-02 -7.350413933554418577e-02 -7.226346443003155151e-02
5.844783967720109524e-02 -6.699314909243958560e-02 -7.116730341553964556e-02
5.659163857562034272e-02 -5.928068978204437123e-02 -6.550965880521843199e-02
5.417049336681387106e-02 -5.108191837176675326e-02 -5.602406940866495877e-02
5.119439537743994406e-02 -4.318663781969007964e-02 -4.373337233445576122e-02
4.772241575750145459e-02 -3.627642334610860220e-02 -2.985180619432889482e-02
4.384335324080049223e-02 -3.080023437756652244e-02 -1.568505532411569592e-02
3.962881515926867937e-02 -2.694631938853722999e-02 -2.462854654290350196e-03
3.517496778899245613e-02 -2.477231288271346255e-02 8.784059468879650695e-03
3.050613364678501221e-02 -2.408421214155288467e-02 1.724396834901819817e-02
2.567040899346282809e-02 -2.471471233470677598e-02 2.247410845276678545e-02
2.077452695544724018e-02 -2.652300057758648355e-02 2.430144833972584795e-02
1.589017689410720732e-02 -2.927035535885680329e-02 2.280984308659219847e-02
1.114754748644535519e-02 -3.273417615587979890e-02 1.832913609094272492e-02
6.661157308530656768e-03 -3.659304685967301046e-02 1.135859688091039529e-02
2.456088066362908592e-03 -4.032848169246793651e-02 2.523907111377550125e-03
-1.411167780309632511e-03 -4.357886878663892044e-02 -7.348875054936391746e-03
-4.819474860774918164e-03 -4.621412879466633983e-02 -1.740619102846992228e-02
-7.717490654929342123e-03 -4.814382675845425841e-02 -2.688621087330070672e-02
-1.006782300293779069e-02 -4.935983518538940296e-02 -3.514672910281441132e-02
-1.187629703963772113e-02 -4.984886824284652518e-02 -4.171704719666427530e-02
-1.320712220673258067e-02 -4.957288198775390564e-02 -4.628994654157807254e-02
-1.413196999592907128e-02 -4.857984231947311271e-02 -4.869381374533058443e-02
-1.472527799724405312e-02 -4.701323832406924252e-02 -4.891844332030725884e-02
-1.508464971587241028e-02 -4.505624102413047227e-02 -4.712260458653943357e-02
-1.530139382967389376e-02 -4.293934346839033134e-02 -4.360208468930120568e-02
-1.545226788805382362e-02 -4.089982275330712735e-02 -3.877102504994021925e-02
-1.559878080796939410e-02 -3.915390426329937168e-02 -3.311595609426624259e-02
-1.577668650276334295e-02 -3.788517053886505948e-02 -2.715421425105825695e-02
-1.600302256595418499e-02 -3.722823972357940797e-02 -2.138963405697874229e-02
-1.629274010751436547e-02 -3.722872647485148123e-02 -1.628395356749771580e-02
-1.665859380106942886e-02 -3.786450165408227625e-02 -1.220256120712052451e-02
-1.708759962473280908e-02 -3.909657071774756687e-02 -9.391237024588099114e-03
-1.756099045024746980e-02 -4.084782621291491861e-02 -7.981410208829635422e-03
-1.804985398739839680e-02 -4.302130301476214669e-02 -7.983722476977433632e-03
-1.850967702389753541e-02 -4.551273374574574260e-02 -9.301241589543020327e-03
-1.889757958289263462e-02 -4.819117546182595524e-02 -1.175171522920051732e-02
-1.917009733627849863e-02 -5.092280302356382710e-02 -1.507795222282610516e-02
-1.929040282202490117e-02 -5.357239893549226029e-02 -1.897889842126046153e-02
-1.924681903516306872e-02 -5.599383492331694301e-02 -2.313383017940746217e-02
-1.903469150358516257e-02 -5.808378324424193218e-02 -2.721283686777081073e-02
-1.865313542092976451e-02 -5.979289357935704818e-02 -3.091404646086276520e-02
-1.812221860631399450e-02 -6.109390566118388932e-02 -3.399433649415571634e-02
-1.747571567755079602e-02 -6.198397359641474869e-02 -3.627653925595803602e-02
-1.674976318264484107e-02 -6.249533490314491957e-02 -3.765399723548861627e-02
-1.598148677389113481e-02 -6.268947291549595291e-02 -3.809652638707593242e-02
-1.521211846790341063e-02 -6.264005604013239692e-02 -3.765017001997678081e-02
-1.449221150261021523e-02 -6.240930978181145894e-02 -3.642877118511216039e-02
-1.386754814646088546e-02 -6.206989156076335445e-02 -3.458645920391337225e-02
-1.336714130281457455e-02 -6.171454564830636258e-02 -3.230827249799751028e-02
-1.301379880614220684e-02 -6.142857957862071089e-02 -2.980238281259216596e-02
-1.282325519700708641e-02 -6.127712501602766704e-02 -2.728217337908948881e-02
-1.279963434156205018e-02 -6.130676231855891611e-02 -2.494516783873598070e-02
-1.293356502986644369e-02 -6.154773619757370612e-02 -2.295940286764792948e-02
-1.320734293959224294e-02 -6.200856529829507774e-02 -2.145483827640736613e-02
-1.359474340841986678e-02 -6.268291220998847835e-02 -2.051444281936310593e-02
-1.406466490143199952e-02 -6.354747816511283065e-02 -2.017487308129814819e-02
-1.458910788259181954e-02 -6.455580623419807096e-02 -2.042745130004276766e-02
-1.514394905691893861e-02 -6.564515104554496938e-02 -2.121895322854085164e-02
-1.570811169353557996e-02 -6.674922756920532996e-02 -2.245615210455192967e-02
-1.626432863291706749e-02 -6.780576752900244197e-02 -2.401719737164659599e-02
-1.680226128589595858e-02 -6.875717299222081080e-02 -2.576461600437461932e-02
-1.731721292336589613e-02 -6.955619273578458883e-02 -2.755592578857728875e-02
-1.780823047384168939e-02 -7.017044150393234037e-02 -2.925507823684173059e-02
-1.827803761077473679e-02 -7.058274458709253019e-02 -3.074310424591014321e-02
-1.873218538725542059e-02 -7.079118440937605394e-02 -3.192607562463252446e-02
-1.917949835363731009e-02 -7.080516240942251460e-02 -3.274116396196104228e-02
-1.963011939912785025e-02 -7.064677599485379156e-02 -3.315722377224152029e-02
-2.009291875540666905e-02 -7.035101776317383149e-02 -3.317538574452284783e-02
-2.057623991619141751e-02 -6.996013953172586231e-02 -3.282768777274019251e-02
-2.108686423379137892e-02 -6.951978923660898091e-02 -3.217237596311611769e-02
-2.162927418510325606e-02 -6.907513490533141731e-02 -3.128743246321514376e-02
-2.220522843505249450e-02 -6.866754114014525512e-02 -3.026303290446688207e-02
-2.281370607075343046e-02 -6.833180735963607921e-02 -2.919367806461761750e-02
-2.345112566381523170e-02 -6.809411692814715256e-02 -2.817059138587446609e-02
-2.411171968308419011e-02 -6.797079175631375036e-02 -2.727494218864471437e-02
-2.478797644138038686e-02 -6.796795672156848156e-02 -2.657230437084540792e-02
-2.547109851838016276e-02 -6.808205328752381380e-02 -2.610873024743525991e-02
-2.615108970213418649e-02 -6.830194061015297524e-02 -2.590842516575560944e-02
-2.681719201732754576e-02 -6.861053508136411017e-02 -2.597389037554580574e-02
-2.745940939558646002e-02 -6.898474133919774154e-02 -2.628783887890267373e-02
-2.806912079350733225e-02 -6.939753157427561159e-02 -2.681539741594947054e-02
-2.863906480626679518e-02 -6.982122069757858152e-02 -2.750766594121110964e-02
-2.916391669207130805e-02 -7.022968085844449870e-02 -2.830652327534447649e-02
-2.964062128682292893e-02 -7.060022323892439777e-02 -2.914975408961430203e-02
-3.006841792043057904e-02 -7.091510958097121953e-02 -2.997606865629276474e-02
-3.044865678631338002e-02 -7.116258251607351926e-02 -3.072968091388390138e-02
-3.078448780139328433e-02 -7.133733976224457263e-02 -3.136415054043468348e-02
-3.108046855048193780e-02 -7.144047064189656959e-02 -3.184524081176550586e-02
-3.134213285498546608e-02 -7.147888290388838828e-02 -3.215265874842340721e-02
-3.157553781634683809e-02 -7.146434691786424098e-02 -3.228059936607936831e-02
-3.178681724860124569e-02 -7.141223313616498758e-02 -3.223716409774014802e-02
-3.198178382171067147e-02 -7.134005068872101285e-02 -3.204275785439471280e-02
-3.216557374236868327e-02 -7.126594110780692937e-02 -3.172766114982665531e-02
-3.234237759677057594e-02 -7.120721510549224420e-02 -3.132902468140127961e-02
-3.251526280085952070e-02 -7.117905202182504831e-02 -3.088755281228718758e-02
-3.268609449228776498e-02 -7.119345663907528099e-02 -3.044414884038300004e-02
-3.285555933479906987e-02 -7.125852423064801822e-02 -3.003678726483676592e-02
-3.302342204971374373e-02 -7.137775104149544914e-02 -2.969789506623865538e-02
-3.318869107104001348e-02 -7.155014226124872811e-02 -2.945211819178570473e-02
-3.334949738501381822e-02 -7.177127068316266345e-02 -2.931486270565983668e-02
-3.350342007079580575e-02 -7.203371799409460929e-02 -2.929204646914794138e-02
-3.364798972801705257e-02 -7.232739470338314658e-02 -2.938044398494540563e-02
-3.378088747662948838e-02 -7.264044979614867059e-02 -2.956852080287324797e-02
-3.390018248093623621e-02 -7.296025188535222583e-02 -2.983787006227310232e-02
-3.400468661773847767e-02 -7.327410674960987969e-02 -3.016514118644185449e-02
-3.409418398722841026e-02 -7.357010267870187081e-02 -3.052406337929704921e-02
-3.416923216629023929e-02 -7.383849869221380258e-02 -3.088746211077131321e-02
-3.423109050282743121e-02 -7.407239373448323838e-02 -3.122954665514800915e-02
-3.428178355104918862e-02 -7.426775850680039648e-02 -3.152789358867857938e-02
-3.432388622582670940e-02 -7.442349996874512985e-02 -3.176490637810157336e-02
-3.436030360633254149e-02 -7.454131565666410886e-02 -3.192880380213423963e-02
-3.439406744126186771e-02 -7.462535533560143985e-02 -3.201411217168655121e-02
-3.442815926897883905e-02 -7.468171109632347482e-02 -3.202165011446948817e-02
-3.446535088024463289e-02 -7.471779115064751398e-02 -3.195803696542053041e-02
-3.450805455715569986e-02 -7.474166236457614743e-02 -3.183478225696258213e-02
-3.455820031445323154e-02 -7.476138425498046747e-02 -3.166707463812005324e-02
-3.461714971466878232e-02 -7.478439811158912875e-02 -3.147236695225889141e-02
-3.468564854046259083e-02 -7.481700066821191097e-02 -3.126889648523721588e-02
-3.476382808076480813e-02 -7.486394579757113532e-02 -3.107424165402812577e-02
-3.485123979800779787e-02 -7.492820365326177678e-02 -3.090403489661914041e-02
-3.494694365518627444e-02 -7.501085136743160242e-02 -3.077091888015134891e-02
-3.504963808735344494e-02 -7.511108678690389673e-02 -3.068380583094055397e-02
-3.515780468295179317e-02 -7.522639846000239716e-02 -3.064745255769866020e-02
-3.526977279326158621e-02 -7.535303668482520867e-02 -3.066234278994718621e-02
-3.538382961124579562e-02 -7.548642659854901127e-02 -3.072500189776633528e-02
-3.549839525331301149e-02 -7.562149113761144903e-02 -3.082857731027365683e-02
-3.561209587461099807e-02 -7.575310052586246845e-02 -3.096358697251826511e-02
-3.572383091521393744e-02 -7.587647852104398294e-02 -3.111882933622404923e-02
-3.583282749082528085e-02 -7.598755050900551922e-02 -3.128235720292771999e-02
-3.593866172327292441e-02 -7.608321975061779763e-02 -3.144244086513512532e-02
-3.604125033799722433e-02 -7.616155813760702720e-02 -3.158844221269418301e-02
-3.614081645763658063e-02 -7.622188426932198502e-02 -3.171155202862023514e-02
-3.623783960384310832e-02 -7.626473192635091491e-02 -3.180533074079006095e-02
-3.633297053895843259e-02 -7.629175976613650212e-02 -3.186602238674862697e-02
-3.642694706818436906e-02 -7.630556208146657693e-02 -3.189265518852264780e-02
-3.652051636924069644e-02 -7.630941112271261151e-02 -3.188691957009856526e-02
-3.661435189747365426e-02 -7.630698134945947120e-02 -3.185284774617413300e-02
-3.670898904185566913e-02 -7.630205099884811160e-02 -3.179634244337768700e-02
-3.680477398679259105e-02 -7.629822573669134411e-02 -3.172459126635454596e-02
-3.690183269231400720e-02 -7.629868759923705279e-02 -3.164543052222801300e-02
-3.700006286065354866e-02 -7.630599279325289697e-02 -3.156670008923209703e-02
-3.709914214021046291e-02 -7.632193053170625852e-02 -3.149564600087905591e-02
-3.719850090092806372e-02 -7.634757102194038303e-02 -3.143838030554942098e-02
-3.729741512444342821e-02 -7.638311256031310448e-02 -3.139957792673844089e-02
-3.739514045222992744e-02 -7.642780720012498641e-02 -3.138219549552224985e-02
-3.749089346315151450e-02 -7.648020457128514027e-02 -3.138730637132263607e-02
-3.758390787064352923e-02 -7.653835231563570207e-02 -3.141414834555042446e-02
-3.767349164185133936e-02 -7.659999915449064445e-02 -3.146031957859950906e-02
-3.775907046190761507e-02 -7.666278663849161734e-02 -3.152208730326255121e-02
-3.784020459387642255e-02 -7.672445597981360221e-02 -3.159476382705464492e-02
-3.791657139864484244e-02 -7.678307541772048939e-02 -3.167312837421528554e-02
-3.798801686968767549e-02 -7.683706234360682119e-02 -3.175191389831718419e-02
-3.805458918754663078e-02 -7.688522354654098168e-02 -3.182618845725492668e-02
-3.811648688689758813e-02 -7.692688031704508766e-02 -3.189167801837936717e-02
-3.817404347738827947e-02 -7.696190148086318183e-02 -3.194504345981035581e-02
-3.822770516840189037e-02 -7.699067283371949233e-02 -3.198407794538792037e-02
-3.827800132433731295e-02 -7.701402022774804512e-02 -3.200779647874248124e-02
-3.832549965030609962e-02 -7.703311293998277298e-02 -3.201642283089881774e-02
-3.837075886972111938e-02 -7.704935904241981548e-02 -3.201128118410240253e-02
-3.841424747782879595e-02 -7.706437156347889506e-02 -3.199460122408383234e-02
-3.845633239540933307e-02 -7.707978149670460799e-02 -3.196933580584163104e-02
-3.849732744235230542e-02 -7.709698582116139565e-02 -3.193890032081445063e-02
-3.853746040665344263e-02 -7.711708638007588879e-02 -3.190683776496722190e-02
-3.857685341814151569e-02 -7.714087050025836279e-02 -3.187652535453212171e-02
-3.861554712952915136e-02 -7.716876353109550224e-02 -3.185093787225220380e-02
-3.865351716243457803e-02 -7.720082124217990394e-02 -3.183244876339211271e-02
-3.869068509529409450e-02 -7.723675086249756627e-02 -3.182269336833370987e-02
-3.872693639967114687e-02 -7.727594989236565015e-02 -3.182249696451697890e-02
-3.876213156162738177e-02 -7.731758075946050524e-02 -3.183186643001593291e-02
-3.879612323878139923e-02 -7.736065002568914828e-02 -3.185005143208333167e-02
-3.882878204943366468e-02 -7.740407881551633618e-02 -3.187566084478313244e-02
-3.886001029388924666e-02 -7.744679555970766793e-02 -3.190681047038800011e-02
-3.888975281799600392e-02 -7.748781788366874979e-02 -3.194130549714092882e-02
-3.891801010895094837e-02 -7.752631506043698717e-02 -3.197683220134873994e-02
-3.894483812543214629e-02 -7.756166467991978952e-02 -3.201114344308296500e-02
-3.897035022727130676e-02 -7.759347578426938064e-02 -3.204222999786879994e-02
-3.899470848786041471e-02 -7.762160647356605714e-02 -3.206845416212911193e-02
-3.901811112749162952e-02 -7.764615708009135753e-02 -3.208865199714611149e-02
-3.904078614510057832e-02 -7.766743375163605301e-02 -3.210219110243597157e-02
-3.906297160521968875e-02 -7.768591933492891011e-02 -3.210897737386199380e-02
-3.908490040767422652e-02 -7.770222326952794245e-02 -3.210942756100576556e-02
-3.910678718681315919e-02 -7.771702736552113522e-02 -3.210440092990014815e-02
-3.912881564899749198e-02 -7.773102632214308472e-02 -3.209510575150957556e-02
-3.915113168292855272e-02 -7.774487053401726855e-02 -3.208298168288965801e-02
-3.917383465347992755e-02 -7.775912217717120822e-02 -3.206957326306764805e-02
-3.919697210560292577e-02 -7.777422656243004884e-02 -3.205640255065706629e-02
-3.922054440377499562e-02 -7.779047730045152154e-02 -3.204486078116594583e-02
-3.924451058404319209e-02 -7.780800589892235275e-02 -3.203610700032988312e-02
-3.926878818880864125e-02 -7.782679372841583287e-02 -3.203099594543536155e-02
-3.929327025621978664e-02 -7.784667219489102563e-02 -3.203003854689905061e-02
-3.931783031097532688e-02 -7.786735903172933848e-02 -3.203338147098516719e-02
-3.934233072098123479e-02 -7.788849072968456744e-02 -3.204082600835249373e-02
-3.936664039700576989e-02 -7.790964649937394404e-02 -3.205186978710285878e-02
-3.939063719848462375e-02 -7.793039775027005289e-02 -3.206576236276977715e-02
-3.941421917708791411e-02 -7.795033389691244374e-02 -3.208158583019590782e-02
-3.943731018839392866e-02 -7.796909842998858697e-02 -3.209833204537607121e-02
-3.945985939766803036e-02 -7.798641631207116343e-02 -3.211498923895747537e-02
-3.948185001202877964e-02 -7.800209915475572742e-02 -3.213062080420783784e-02
-3.950328666096098590e-02 -7.801607598420111367e-02 -3.214442467188530217e-02
-3.952419375872467944e-02 -7.802838560251854072e-02 -3.215579357263566307e-02
-3.954461917876656019e-02 -7.803915402926347999e-02 -3.216434816098391603e-02
-3.956462034841123909e-02 -7.804859128668634183e-02 -3.216994507838481093e-02
-3.958425522609305969e-02 -7.805697723306034841e-02 -3.217267150475280196e-02
-3.960358480876888243e-02 -7.806461925658293721e-02 -3.217282895268104570e-02
-3.962266258401190427e-02 -7.807184164288669126e-02 -3.217088549932346775e-02
-3.964152659588902894e-02 -7.807896071435049823e-02 -3.216743442903489264e-02
-3.966020589484550024e-02 -7.808625048276510161e-02 -3.216313925130442897e-02
-3.967870821632833722e-02 -7.809394195707744513e-02 -3.215867338056285080e-02
-3.969702350585560535e-02 -7.810220266305581416e-02 -3.215467265107893602e-02
-3.971512751104126077e-02 -7.811112634332026405e-02 -3.215168810602020422e-02
-3.973298140684754232e-02 -7.812073479505141083e-02 -3.215014896269787620e-02
-3.975053583951846520e-02 -7.813098247920272077e-02 -3.215033790433520500e-02
-3.976773516221263072e-02 -7.814176503428779674e-02 -3.215238054574620641e-02
-3.978452255711735497e-02 -7.815293173427197149e-02 -3.215624640434802672e-02
-3.980084074052581827e-02 -7.816430808747415471e-02 -3.216176088929576654e-02
-3.981664147848602148e-02 -7.817569914152214250e-02 -3.216863428454657531e-02
-3.983189043138991164e-02 -7.818690580963927328e-02 -3.217648730988632855e-02
-3.984656090492955799e-02 -7.819775513174564985e-02 -3.218488381943319238e-02
-3.986063999119297818e-02 -7.820810483879704622e-02 -3.219337315408965505e-02
-3.987413017070946114e-02 -7.821785096804817483e-02 -3.220152470424661462e-02
-3.988705115523957789e-02 -7.822692449572529738e-02 -3.220896180491492067e-02
-3.989943203062254473e-02 -7.823531065032662823e-02 -3.221537808446874041e-02
-3.991130501645575451e-02 -7.824304939667413306e-02 -3.222056273569134932e-02
-3.992271865056792879e-02 -7.825020182614284003e-02 -3.222441515907017995e-02
-3.993372118344672844e-02 -7.825686931257726242e-02 -3.222693239167642720e-02
-3.994435898483224279e-02 -7.826317460655768388e-02 -3.222821239713138247e-02
-3.995468086002416930e-02 -7.826924626937746543e-02 -3.222843507354101328e-02
-3.996472645755472231e-02 -7.827521835817524698e-02 -3.222784324379732168e-02
-3.997453042374577575e-02 -7.828121282510144829e-02 -3.222672086956943766e-02
-3.998412093225865716e-02 -7.828732836603566336e-02 -3.222536941011280159e-02
-3.999351712277154913e-02 -7.829364060960081195e-02 -3.222407959684565892e-02
-4.000273009272672931e-02 -7.830019320020084606e-02 -3.222311421796067443e-02
-4.001176723311630767e-02 -7.830699359870033072e-02 -3.222268739682038891e-02
-4.002062450806269378e-02 -7.831402983360888359e-02 -3.222294898809857644e-02
-4.002929346710554920e-02 -7.832126238357618730e-02 -3.222398405402487204e-02
-4.003776488719276716e-02 -7.832862695434403277e-02 -3.222580875088745106e-02
-4.004602758052798472e-02 -7.833604320217432693e-02 -3.222837397732697395e-02
-4.005407326041916793e-02 -7.834341823632220980e-02 -3.223157358437884340e-02
-4.006189242211941060e-02 -7.835066646930688439e-02 -3.223525335955120669e-02
-4.006947812925572283e-02 -7.835770971556471620e-02 -3.223923190568608876e-02
-4.007683334687675569e-02 -7.836447177576447154e-02 -3.224331685703300115e-02
-4.008396520817113923e-02 -7.837089394012858312e-02 -3.224731546662516074e-02
-4.009088192613041030e-02 -7.837694453438040498e-02 -3.225105012565546159e-02
-4.009759747576175509e-02 -7.838261045164784946e-02 -3.225437536705548502e-02
-4.010413213549310352e-02 -7.838789428506809376e-02 -3.225718502678415200e-02
-4.011050658907757555e-02 -7.839282075743428391e-02 -3.225941522251021126e-02
-4.011674275945471130e-02 -7.839742959763487673e-02 -3.226104901142665127e-02
-4.012286219427996931e-02 -7.840177404458259502e-02 -3.226211269510526058e-02
-4.012888377702317211e-02 -7.840591569888605283e-02 -3.226267273799644092e-02
-4.013482646622260064e-02 -7.840991322560625365e-02 -3.226282838486868587e-02
-4.014070518899773982e-02 -7.841382376922240161e-02 -3.226269916025617523e-02
-4.014653202948063188e-02 -7.841769480675850335e-02 -3.226241652921348069e-02
-4.015231220747564334e-02 -7.842157185993911539e-02 -3.226210871835324956e-02
-4.015804600343970965e-02 -7.842548737847652995e-02 -3.226189822868519297e-02
-4.016373473636872249e-02 -7.842945259612316145e-02 -3.226189006772137158e-02
-4.016937226768082375e-02 -7.843347158150940079e-02 -3.226216190239683534e-02
-4.017495066761790634e-02 -7.843753392775210109e-02 -3.226276406134268027e-02
-4.018046076611570677e-02 -7.844161913184276302e-02 -3.226371533908729133e-02
-4.018589197085911668e-02 -7.844569870023143654e-02 -3.226500542770418395e-02
-4.019123464506849097e-02 -7.844973848181091558e-02 -3.226659666044689317e-02
-4.019647865594151714e-02 -7.845370452416793039e-02 -3.226842919727104797e-02
-4.020161509358308183e-02 -7.845756524444444380e-02 -3.227042741646173746e-02
-4.020664169488380457e-02 -7.846128219374226553e-02 -3.227251010537639936e-02
-4.021155613650789773e-02 -7.846483117580133060e-02 -3.227458775030739302e-02
-4.021635159850667912e-02 -7.846820732329272408e-02 -3.227657674044293046e-02
-4.022103206410310161e-02 -7.847139899402486019e-02 -3.227841060675868540e-02
-4.022560328922051426e-02 -7.847440393136545511e-02 -3.228003458412356808e-02
-4.023007105413748535e-02 -7.847722852033409136e-02 -3.228141256060216430e-02
-4.023444189313013508e-02 -7.847989110375527821e-02 -3.228252549987752074e-02
-4.023871884981313624e-02 -7.848242262939780778e-02 -3.228337556609309905e-02
-4.024290936136432073e-02 -7.848484938979924386e-02 -3.228398702444137958e-02
-4.024702042042961614e-02 -7.848719766103513795e-02 -3.228439834480976989e-02
-4.025105815975397322e-02 -7.848949094945519012e-02 -3.228465927682477171e-02
-4.025502490039074843e-02 -7.849175777002873056e-02 -3.228482287070397888e-02
-4.025892049382500532e-02 -7.849402332700093632e-02 -3.228494734976236624e-02
-4.026274940801154167e-02 -7.849629705030079785e-02 -3.228509050082333659e-02
-4.026650993868041706e-02 -7.849859175984011395e-02 -3.228529888478570697e-02
-4.027019644764172346e-02 -7.850091794464933437e-02 -3.228561127682249426e-02
-4.027380894640989611e-02 -7.850326762142179060e-02 -3.228605821529761943e-02
-4.027734547077405081e-02 -7.850563060736459597e-02 -3.228665272911054873e-02
-4.028079974520661077e-02 -7.850799950496034629e-02 -3.228739360138457165e-02
-4.028416885529485097e-02 -7.851035917675919240e-02 -3.228826963567685282e-02
-4.028745106933082076e-02 -7.851269196411801710e-02 -3.228925831607068475e-02
-4.029064370950037610e-02 -7.851498285112537556e-02 -3.229032806791590215e-02
-4.029374570927807264e-02 -7.851721676064297994e-02 -3.229144296765412009e-02
-4.029675668094494234e-02 -7.851938237790084818e-02 -3.229256432796778764e-02
-4.029967714966198322e-02 -7.852147108826372512e-02 -3.229365545003973215e-02
-4.030251048391440827e-02 -7.852347494117786764e-02 -3.229468370418023260e-02
-4.030525843354938048e-02 -7.852539535216694622e-02 -3.229562055938126064e-02
-4.030792583326704703e-02 -7.852723178073867105e-02 -3.229644842596634396e-02
-4.031051789713723660e-02 -7.852899026657463033e-02 -3.229715513824923945e-02
-4.031303819126155069e-02 -7.853068075804307824e-02 -3.229773941977869683e-02
-4.031549163566278127e-02 -7.853231563901946766e-02 -3.229820728120545714e-02
-4.031788208199590245e-02 -7.853390707336448118e-02 -3.229857435591573095e-02
-4.032021770211126344e-02 -7.853545933588368388e-02 -3.229886217068230619e-02
-4.032250087962439833e-02 -7.853698664659336526e-02 -3.229909151996185335e-02
-4.032473322356078249e-02 -7.853850126473260751e-02 -3.229928811935878913e-02
-4.032691978687896750e-02 -7.854000705060923404e-02 -3.229947833731653534e-02
-4.032906305951564768e-02 -7.854150752418306847e-02 -3.229968485167102055e-02
-4.033116243654810695e-02 -7.854300893035355557e-02 -3.229992517885069137e-02
-4.033321580207360757e-02 -7.854451612484346368e-02 -3.230021386359344104e-02
-4.033522461922631197e-02 -7.854602292258844320e-02 -3.230056249954914999e-02
-4.033718934928439553e-02 -7.854752248531132741e-02 -3.230097390147401715e-02
-4.033910908431108389e-02 -7.854900788040318493e-02 -3.230144515829885821e-02
-4.034098360158507035e-02 -7.855047266157558217e-02 -3.230196732920882080e-02
-4.034281347782868454e-02 -7.855190817163547334e-02 -3.230252901916945418e-02
-4.034460119299067282e-02 -7.855330449173819618e-02 -3.230311489179937129e-02
-4.034634650074632456e-02 -7.855465794324564821e-02 -3.230370684914146695e-02
-4.034804794731698674e-02 -7.855596983338603012e-02 -3.230428712433832533e-02
-4.034970684581491718e-02 -7.855723657914043256e-02 -3.230484276709640751e-02
-4.035132675558364412e-02 -7.855845265691814572e-02 -3.230536185880843875e-02
-4.035290722536712810e-02 -7.855962187958695497e-02 -3.230583306325471304e-02
-4.035445198457436600e-02 -7.856074160318744781e-02 -3.230625240206677629e-02
-4.035596516164527414e-02 -7.856181345626991885e-02 -3.230661592630827000e-02
-4.035744453320128794e-02 -7.856285131466395066e-02 -3.230692285045520806e-02
-4.035889349246333385e-02 -7.856385849550391598e-02 -3.230718137589221051e-02
-4.036031540277830454e-02 -7.856483873072619972e-02 -3.230739963928634662e-02
-4.036171045794626627e-02 -7.856579821006692832e-02 -3.230758785674714417e-02
-4.036308193412042195e-02 -7.856673765116885255e-02 -3.230775785466021011e-02
-4.036443095524970548e-02 -7.856766109700767664e-02 -3.230791961825138503e-02
-4.036575726767527295e-02 -7.856857400716782402e-02 -3.230808285760478765e-02
-4.036706232081466172e-02 -7.856947694024744855e-02 -3.230825755083392703e-02
-4.036834584034847129e-02 -7.857037232328127618e-02 -3.230845001555574664e-02
-4.036960866121838687e-02 -7.857125651495544538e-02 -3.230866665443021812e-02
-4.037084884719645272e-02 -7.857213293332369897e-02 -3.230890686715935656e-02
-4.037206362468498400e-02 -7.857300159761002045e-02 -3.230917235765137091e-02
-4.037325453668793446e-02 -7.857385709145808805e-02 -3.230946114830179905e-02
-4.037442021458970826e-02 -7.857469601060687592e-02 -3.230976931038946620e-02
-4.037556266270940497e-02 -7.857551100447957015e-02 -3.231009092800911364e-02
-4.037667968170849386e-02 -7.857630440876511857e-02 -3.231041639739937882e-02
-4.037777030958398378e-02 -7.857707648768830211e-02 -3.231073926629368653e-02
-4.037883795199125048e-02 -7.857782060511726840e-02 -3.231105426767447164e-02
-4.037988092891414693e-02 -7.857854084064190558e-02 -3.231135276786972765e-02
-4.038090062155556825e-02 -7.857923372046798915e-02 -3.231163240556928634e-02
-4.038189869147636168e-02 -7.857990059700734053e-02 -3.231188752046840196e-02
-4.038287148204786764e-02 -7.858055012343315160e-02 -3.231211601921610277e-02
-4.038382325745764473e-02 -7.858117793530658424e-02 -3.231232102650835603e-02
-4.038475577681673034e-02 -7.858178458382161780e-02 -3.231250320660809805e-02
-4.038566959402066503e-02 -7.858237200149530144e-02 -3.231266509980545987e-02
-4.038656502558823913e-02 -7.858294544594894571e-02 -3.231280888202044121e-02
-4.038743979452050215e-02 -7.858351348190154018e-02 -3.231293899486543941e-02
-4.038829586775741221e-02 -7.858407517415151589e-02 -3.231306323685922965e-02
-4.038913355646042702e-02 -7.858463176072616463e-02 -3.231318629645723445e-02
-4.038995359053267065e-02 -7.858518069395219185e-02 -3.231331397126286503e-02
-4.039075711036682614e-02 -7.858572150483164598e-02 -3.231344810003193568e-02
-4.039154319399571036e-02 -7.858625569291372015e-02 -3.231359080469031753e-02
-4.039231270161901949e-02 -7.858678347269089370e-02 -3.231374277040990201e-02
-4.039306485275405423e-02 -7.858730580569403545e-02 -3.231390447543086575e-02
-4.039380032632240713e-02 -7.858782072438318111e-02 -3.231407559521165540e-02
-4.039451988399163362e-02 -7.858832457869259491e-02 -3.231425496066420849e-02
-4.039522281813888449e-02 -7.858881779084567198e-02 -3.231443854954776929e-02
-4.039590857095363974e-02 -7.858929964429421655e-02 -3.231462392508148429e-02
-4.039657806736070278e-02 -7.858976873337472635e-02 -3.231480766462749288e-02
-4.039722929322779599e-02 -7.859022861009862249e-02 -3.231498607025017067e-02
-4.039786280676149754e-02 -7.859067794952154240e-02 -3.231515808183942073e-02
-4.039848005619057353e-02 -7.859111435321040895e-02 -3.231532204877335390e-02
-4.039908198799251060e-02 -7.859153607070787362e-02 -3.231547643223945526e-02
-4.039966930220928454e-02 -7.859194391405055491e-02 -3.231561911359031453e-02
-4.040024195543316654e-02 -7.859234045463500684e-02 -3.231574941547068341e-02
-4.040080054662040232e-02 -7.859272791589669294e-02 -3.231586778453540698e-02
-4.040134695577794754e-02 -7.859310454624589271e-02 -3.231597669178928184e-02
-4.040188195216888600e-02 -7.859347165936193813e-02 -3.231607653662214863e-02
-4.040240390523469616e-02 -7.859383376471357208e-02 -3.231616880772505279e-02
-4.040291477264594533e-02 -7.859418881906879428e-02 -3.231625712521697669e-02
-4.040341497949082039e-02 -7.859453775318733793e-02 -3.231634284323207928e-02
-4.040390551101982752e-02 -7.859487868652889619e-02 -3.231642874692285811e-02
-4.040438605473611888e-02 -7.859521477069897344e-02 -3.231651435923375837e-02
-4.040485596217822245e-02 -7.859554671137600201e-02 -3.231660227299819332e-02
-4.040531666886325313e-02 -7.859587362248149356e-02 -3.231669296030079130e-02
-4.040576554971095358e-02 -7.859619950829627166e-02 -3.231678652398815854e-02
-4.040620268650066405e-02 -7.859652370599887194e-02 -3.231688416369628974e-02
-4.040663028232963083e-02 -7.859684010658347930e-02 -3.231698729789289626e-02
-4.040704968311090856e-02 -7.859714571758724677e-02 -3.231709360598875730e-02
-4.040745873893330370e-02 -7.859744484782393847e-02 -3.231719975510848053e-02
-4.040785965166125704e-02 -7.859773390157503981e-02 -3.231730603135804514e-02
-4.040825362443953989e-02 -7.859801284263152887e-02 -3.231740951592812494e-02
-4.040863840935552537e-02 -7.859828588525656634e-02 -3.231750833820227348e-02
-4.040901400235705904e-02 -7.859855405590816801e-02 -3.231760207520106148e-02
-4.040937994084768670e-02 -7.859881769757715020e-02 -3.231769100846940135e-02
-4.040973802946860177e-02 -7.859907239732996653e-02 -3.231777615357263322e-02
-4.041008976827664689e-02 -7.859931542453950370e-02 -3.231785656179245181e-02
-4.041043291603864385e-02 -7.859955289929904110e-02 -3.231792971783919999e-02
-4.041076667344152551e-02 -7.859978809077999840e-02 -3.231799706878257100e-02
-4.041109295147557456e-02 -7.860001938470682903e-02 -3.231806077652622788e-02
-4.041141273358622027e-02 -7.860024474992688415e-02 -3.231812240584812368e-02
-4.041172779813764770e-02 -7.860046090543078290e-02 -3.231818268333626343e-02
-4.041203670483855398e-02 -7.860067227150194236e-02 -3.231823988922166019e-02
-4.041233878993941153e-02 -7.860088092611276778e-02 -3.231829554493736989e-02
-4.041263569505127579e-02 -7.860108557266361207e-02 -3.231835092514330487e-02
-4.041292669410587179e-02 -7.860128734552285223e-02 -3.231840656058117267e-02
-4.041321245436685361e-02 -7.860148456676185891e-02 -3.231846344598730825e-02
-4.041349260389977271e-02 -7.860167803534456876e-02 -3.231852104088218935e-02
-4.041376578799955877e-02 -7.860187007309064888e-02 -3.231857919256196643e-02
-4.041403154512306778e-02 -7.860206167744243633e-02 -3.231863830889111777e-02
-4.041428984420945836e-02 -7.860225218124722302e-02 -3.231869915208132604e-02
-4.041454376156010386e-02 -7.860243421548360199e-02 -3.231876310003881092e-02
-4.041479305995213100e-02 -7.860260921643283383e-02 -3.231882648929286506e-02
-4.041503647894954809e-02 -7.860277927378742091e-02 -3.231888860275439895e-02
-4.041527493078460320e-02 -7.860294555166449926e-02 -3.231894813351707252e-02
-4.041550762189526080e-02 -7.860310925143691729e-02 -3.231900549559381386e-02
-4.041573603258325625e-02 -7.860326801040493083e-02 -3.231906085564708458e-02
-4.041595987574524151e-02 -7.860342153618138372e-02 -3.231911374090595812e-02
-4.041617778592308807e-02 -7.860357304715920312e-02 -3.231916282321136563e-02
-4.041639062467630716e-02 -7.860372027736638179e-02 -3.231920996057410095e-02
-4.041659888048351745e-02 -7.860386414133191391e-02 -3.231925399526837384e-02
-4.041680093398104801e-02 -7.860400702320305411e-02 -3.231929570303223448e-02
-4.041699809226965978e-02 -7.860414779849242417e-02 -3.231933591300717445e-02
-4.041719102971640110e-02 -7.860428462416640949e-02 -3.231937580080562755e-02
-4.041738218716260655e-02 -7.860441335506516969e-02 -3.231941559143040876e-02
-4.041757161671613585e-02 -7.860453493801917990e-02 -3.231945365932796521e-02
-4.041775667672815875e-02 -7.860465663071823650e-02 -3.231948816147682535e-02
-4.041793794235003234e-02 -7.860477759401160447e-02 -3.231952194404084239e-02
-4.041811646140058834e-02 -7.860489675364937256e-02 -3.231955524437060689e-02
-4.041828992369007889e-02 -7.860501642752831808e-02 -3.231958840348081452e-02
-4.041845957432006059e-02 -7.860513336046064115e-02 -3.231962273665250907e-02
-4.041862736564093284e-02 -7.860524289784055763e-02 -3.231965858635758165e-02
-4.041879136136290740e-02 -7.860535016810571429e-02 -3.231969269830804736e-02
-4.041894940668636083e-02 -7.860545950609457155e-02 -3.231972569713531529e-02
-4.041910470596266763e-02 -7.860556572091020877e-02 -3.231975979739627747e-02
-4.041925791894182551e-02 -7.860566702968359298e-02 -3.231979427092835505e-02
-4.041940654400023869e-02 -7.860576811057756741e-02 -3.231982707906262686e-02
-4.041954921904045150e-02 -7.860587147079733938e-02 -3.231985892351681156e-02
-4.041968727681100743e-02 -7.860597454990606026e-02 -3.231989134201708469e-02
-4.041982335079380428e-02 -7.860607095233872188e-02 -3.231992546905571723e-02
-4.041995751360343003e-02 -7.860616134386175236e-02 -3.231995845969307807e-02
-4.042008881736312148e-02 -7.860624793657150500e-02 -3.231998956166814291e-02
-4.042021706501844336e-02 -7.860633419711554604e-02 -3.232001759988877010e-02
-4.042034190136598037e-02 -7.860642057580521924e-02 -3.232004430469239548e-02
-4.042046519399312282e-02 -7.860650392549675680e-02 -3.232007036496794411e-02
-4.042058507932665135e-02 -7.860658675031968745e-02 -3.232009493651538667e-02
-4.042070226277995337e-02 -7.860666684786798974e-02 -3.232011922320362357e-02
-4.042081637487737744e-02 -7.860674597609215719e-02 -3.232014206926129424e-02
-4.042092598665312370e-02 -7.860682638619380380e-02 -3.232016417057587132e-02
-4.042103375808010074e-02 -7.860690340756509853e-02 -3.232018723013550809e-02
-4.042113866350961759e-02 -7.860697969486384051e-02 -3.232020956570853115e-02
-4.042124037410280840e-02 -7.860705509792878520e-02 -3.232023228577237534e-02
-4.042134169901220181e-02 -7.860712526952362555e-02 -3.232025579490524492e-02
-4.042144142420495828e-02 -7.860719295260887307e-02 -3.232027823606312134e-02
-4.042153947145672721e-02 -7.860725855764148784e-02 -3.232029988808603205e-02
-4.042163447702029622e-02 -7.860732636976358600e-02 -3.232031954194940215e-02
-4.042172477213801934e-02 -7.860739835702738876e-02 -3.232033896775594189e-02
-4.042181259475464278e-02 -7.860746953570692253e-02 -3.232036009704176288e-02
-4.042189964490045667e-02 -7.860753466290340552e-02 -3.232038326518930221e-02
-4.042198476802935647e-02 -7.860759679764198204e-02 -3.232040531474413697e-02
-4.042206798388698480e-02 -7.860765598319213732e-02 -3.232042690459342033e-02
-4.042215047230378333e-02 -7.860771314964264123e-02 -3.232044674927927325e-02
-4.042222919888483618e-02 -7.860777415219970254e-02 -3.232046455049608635e-02
-4.042230672743045428e-02 -7.860783349654612562e-02 -3.232048326787554521e-02
-4.042238263926823533e-02 -7.860789201266007997e-02 -3.232050130891710171e-02
-4.042245594653041951e-02 -7.860794928521923353e-02 -3.232051956729606323e-02
-4.042252825281079931e-02 -7.860800355952790586e-02 -3.232053741957954113e-02
-4.042259911053606297e-02 -7.860805528302310108e-02 -3.232055477223455542e-02
-4.042267046701537858e-02 -7.860810206809365486e-02 -3.232057152033925018e-02
-4.042274082430200033e-02 -7.860814808132830789e-02 -3.232058592928404445e-02
-4.042281009189650776e-02 -7.860819355232140371e-02 -3.232059921430396193e-02
-4.042287904690940181e-02 -7.860823779901231212e-02 -3.232061148269683992e-02
-4.042294704131241256e-02 -7.860828077802964331e-02 -3.232062320226301855e-02
-4.042301274540487099e-02 -7.860832543651120885e-02 -3.232063345755337158e-02
-4.042307671646144795e-02 -7.860836894005246434e-02 -3.232064462707997382e-02
-4.042313991389892558e-02 -7.860841065487772505e-02 -3.232065560868632031e-02
-4.042320116397697671e-02 -7.860845138147684596e-02 -3.232066690323871089e-02
