1.713862412096661403e-01 3.671338244938956996e-02 -1.746074734136235374e-02
2.055010474274857613e-01 1.717433753971400745e-02 -4.130775568173022938e-02
2.355074346276371799e-01 1.548347668436256819e-01 3.833518854276617843e-02
2.173879640608514241e-01 2.605316257506943844e-01 9.689325676807004906e-02
1.764968801226396433e-01 3.198658081224659555e-01 1.471232706570395621e-01
1.348430923075253085e-01 3.331024054657900635e-01 1.836839734214002484e-01
1.070195442704940936e-01 3.113533611496840381e-01 2.015548078752278094e-01
9.678157380180629765e-02 2.707872718059987638e-01 1.994401291006214771e-01
1.006842132015151603e-01 2.257614439243517124e-01 1.799814326581358481e-01
1.122821336170530815e-01 1.858854347004144925e-01 1.480370429070385629e-01
1.253273135035596342e-01 1.550671910506198625e-01 1.097242700137309457e-01
1.357076967336713902e-01 1.331133570218500095e-01 7.079906227166501975e-02
1.412276069451341431e-01 1.187984024612527417e-01 3.580550029583266097e-02
1.416607970079710455e-01 1.107520219406249312e-01 7.895965180416067083e-03
1.381265200914550406e-01 1.075549071584791100e-01 -1.115875298038721854e-02
1.323769582674805823e-01 1.075325351296568532e-01 -2.100154160175091503e-02
1.259983447140387014e-01 1.090202074336571736e-01 -2.256554071579367979e-02
1.201476199762281094e-01 1.104408512415926413e-01 -1.763019533070679656e-02
1.156255031566519043e-01 1.103592949179673655e-01 -8.331440268469242350e-03
1.128431403617981138e-01 1.080149431973432550e-01 3.135109586174212107e-03
1.118099100377553390e-01 1.036299560917095519e-01 1.489700908942879869e-02
1.123926362310773835e-01 9.793426473207075822e-02 2.573731199633996769e-02
1.144140666110996518e-01 9.173825841814345350e-02 3.506316048037143307e-02
1.175729379022125709e-01 8.578703190168426862e-02 4.269912800214921422e-02
1.214792891985426310e-01 8.054375999626692262e-02 4.873169195500680340e-02
1.257071010488539364e-01 7.614813831566405455e-02 5.332376458494392235e-02
1.297617298814404130e-01 7.263685497078944953e-02 5.658541997811551705e-02
1.331720686345664595e-01 6.995878771540751939e-02 5.861114111459397868e-02
1.356190997734973147e-01 6.791056051252505887e-02 5.950385531560736796e-02
1.369511455968311919e-01 6.621051588977391877e-02 5.935211148323300129e-02
1.371714469976749173e-01 6.458799622070528212e-02 5.822270656255332244e-02
1.363842746261764716e-01 6.290947033115118492e-02 5.615811176754872264e-02
1.347571522784035136e-01 6.118475423053658380e-02 5.322989416419712794e-02
1.325068295968447607e-01 5.949653156353333638e-02 4.956720131090029680e-02
1.298502093915959166e-01 5.796345619195113902e-02 4.535743220143928500e-02
1.269536627089228320e-01 5.675004517635848927e-02 4.082327134025673376e-02
1.239433334427008787e-01 5.597046467638511213e-02 3.624229450704927885e-02
1.209220630533219959e-01 5.565684801299925627e-02 3.189763311987128813e-02
1.179176282891408467e-01 5.585641224101806773e-02 2.803256654221625635e-02
1.149126345053025355e-01 5.660116394136448237e-02 2.485962984231011863e-02
1.118789440805424001e-01 5.786707842977084626e-02 2.254952302870474531e-02
1.087840015089497347e-01 5.957512517510068356e-02 2.120746321364902834e-02
1.056041586455068182e-01 6.159055021039666622e-02 2.085915185370544947e-02
1.023277171201900926e-01 6.375135707055598622e-02 2.143867183529069714e-02
9.895464960547578626e-02 6.589454782653382525e-02 2.279738448287503549e-02
9.548645033663562265e-02 6.790073601708823681e-02 2.471544253400913965e-02
9.193047495948764025e-02 6.967979382660691168e-02 2.694623456312128518e-02
8.831257513086579469e-02 7.114994503592692032e-02 2.923785475394616307e-02
8.465979970542363009e-02 7.225763013435484994e-02 3.134923469990629624e-02
8.100690026434265167e-02 7.296590594805160701e-02 3.307266552585896857e-02
7.739723564527990762e-02 7.325446767334507781e-02 3.424554924079653562e-02
7.387718003837222269e-02 7.312957322056726217e-02 3.475720887488277511e-02
7.048936370529441942e-02 7.263391606220469254e-02 3.455382467515635825e-02
6.727449106505900556e-02 7.183078967301270712e-02 3.364643075141462297e-02
6.427045680650117498e-02 7.079441180377150922e-02 3.210318569515001330e-02
6.150347662673904398e-02 6.961057948540078089e-02 3.003869227710629849e-02
5.898121630841756530e-02 6.838299204438919032e-02 2.759941422881236756e-02
5.669769096305812134e-02 6.721056683373335949e-02 2.496062393977274002e-02
5.465619039543608004e-02 6.613839469463891896e-02 2.231497700174672055e-02
5.285333670025284258e-02 6.519420407817583252e-02 1.983318685419993566e-02
5.126949239470341563e-02 6.440718863383101955e-02 1.765796697628731204e-02
4.988571355713308092e-02 6.378847947662238949e-02 1.590218755329769751e-02
4.868038365489024688e-02 6.333493394099151685e-02 1.464171596336335396e-02
4.763031008738715516e-02 6.302751805121895035e-02 1.391263672851735661e-02
4.671172913406476668e-02 6.283274299788292605e-02 1.371081619253016089e-02
4.590424033855282360e-02 6.270068998287466056e-02 1.399550300074790636e-02
4.518852954851095005e-02 6.257974807604957390e-02 1.468997436331723194e-02
4.454500341812604736e-02 6.242476967568140467e-02 1.569271202654452108e-02
4.395963421723284720e-02 6.219312388378375744e-02 1.688910767551437056e-02
4.342207729837769398e-02 6.185000103618767953e-02 1.815986690202693946e-02
4.292448166383212860e-02 6.137203069165753783e-02 1.939008251303462119e-02
4.246161855348852543e-02 6.074755354994865880e-02 2.047815802325168855e-02
4.203162768003571026e-02 5.997459671995827857e-02 2.134271755958407762e-02
4.163532856608578858e-02 5.906096892575898871e-02 2.192622755893545647e-02
4.127492226299279976e-02 5.802467023727975182e-02 2.219708656553682699e-02
4.095345888976106852e-02 5.689235025411153168e-02 2.215019234053490840e-02
4.067387686041169792e-02 5.569747558694088801e-02 2.180539524277303257e-02
4.043937740165329253e-02 5.447481576725110575e-02 2.120499670708825973e-02
4.025287316385487563e-02 5.325784451156476140e-02 2.040771883717597962e-02
4.011428009128236577e-02 5.208032037191408226e-02 1.948209619796228975e-02
4.002049091206067583e-02 5.097367249884087598e-02 1.850162192038153075e-02
3.996586047385859014e-02 4.996402598697517738e-02 1.753926288802517414e-02
3.994183006454863488e-02 4.907113197507025071e-02 1.666196236806739839e-02
3.993830421922069801e-02 4.830509869942167800e-02 1.592666807396457204e-02
3.994457437041915027e-02 4.766608716504332904e-02 1.537586771720726546e-02
3.994915196243897793e-02 4.714669042110561370e-02 1.503484434841773076e-02
3.994269973603335744e-02 4.672903898791186394e-02 1.491202123188468606e-02
3.991790101385284811e-02 4.638936171109960677e-02 1.499723230873733354e-02
3.986709967756453532e-02 4.610495405544216135e-02 1.526360240236935423e-02
3.978408217423722720e-02 4.585359768354546617e-02 1.567247631553076934e-02
3.966486747436490795e-02 4.561324882976747208e-02 1.617757075257102509e-02
3.950734426583731029e-02 4.536353631993848140e-02 1.672850603724270954e-02
3.931112390008306701e-02 4.508715561273825279e-02 1.727468662160120891e-02
3.907766393650229791e-02 4.477095879350254104e-02 1.776896356244877379e-02
3.881008941737730533e-02 4.440694294398575548e-02 1.817088084422549196e-02
3.851299318757468032e-02 4.399251739867715560e-02 1.844931312543075103e-02
3.819201717452946898e-02 4.353032057587882808e-02 1.858420476965910034e-02
3.785330743002709997e-02 4.302762914841783831e-02 1.856733800075639762e-02
3.750294017567896987e-02 4.249546663129293023e-02 1.840214799117521893e-02
3.714641469846060445e-02 4.194748358761332674e-02 1.810269260221237728e-02
3.678833103222411277e-02 4.139857638837630971e-02 1.769193989220024105e-02
3.643210995501916516e-02 4.086372625430918781e-02 1.719941013289486009e-02
3.607979097587568629e-02 4.035697458585860847e-02 1.665856782326498309e-02
3.573221691345095097e-02 3.989003841794767913e-02 1.610421362327619371e-02
3.538916697484032620e-02 3.947150590482917387e-02 1.556971524858006412e-02
3.505006370484901879e-02 3.910511658126111789e-02 1.508489151260767117e-02
3.471556321040676629e-02 3.878705832758447963e-02 1.467400897389103606e-02
3.438502759849798585e-02 3.851279294288420529e-02 1.435174042433436277e-02
3.405541901243258618e-02 3.827926705464322621e-02 1.412453785206946658e-02
3.372433371371128669e-02 3.808047683549523055e-02 1.399229112796382749e-02
3.338955809947270065e-02 3.790795120049335332e-02 1.394828635985870258e-02
3.304891769364735887e-02 3.775175405993213412e-02 1.397978331262169673e-02
3.270058543747927926e-02 3.760145647979960121e-02 1.406929981972004570e-02
3.234349244091699882e-02 3.744699305228331443e-02 1.419625562213273906e-02
3.197738546125845904e-02 3.727983256717018468e-02 1.433866447455958877e-02
3.160312540640862478e-02 3.709293177971211691e-02 1.447521010334789672e-02
3.122272174128284256e-02 3.688100997575620432e-02 1.458659406401529440e-02
3.083868858086702414e-02 3.664149033889682605e-02 1.465668575069467051e-02
3.045370079037206315e-02 3.637483175730066298e-02 1.467356982077129730e-02
3.007075665319305924e-02 3.608333035744606260e-02 1.463059320664478538e-02
2.969316150133392146e-02 3.577047147853461978e-02 1.452623983356679006e-02
2.932384983064439607e-02 3.544130175030188457e-02 1.436365472592743622e-02
2.896530814178713623e-02 3.510196400776330328e-02 1.415018361258416242e-02
2.862168040006051253e-02 3.475435047258541854e-02 1.389765665441160605e-02
2.829637535940159737e-02 3.440183042244916722e-02 1.361783200726145518e-02
2.799013569831237253e-02 3.405090111444146472e-02 1.332331150488852770e-02
2.770401977154595546e-02 3.370637808985941369e-02 1.302747145234132639e-02
2.744040338938481816e-02 3.336689052896803231e-02 1.274414608936370527e-02
2.720053914765066874e-02 3.303146634973869178e-02 1.248265601808505078e-02
2.698177610829356407e-02 3.270360728059198280e-02 1.224910885313472766e-02
2.678183635200627466e-02 3.238471772685551364e-02 1.204824540601880795e-02
2.659828062841984586e-02 3.207412190525502083e-02 1.188253032207436943e-02
2.642841771157971448e-02 3.176933107565627079e-02 1.175168322546463542e-02
2.626959818757103327e-02 3.146660979805800118e-02 1.165264040757215715e-02
2.611953989692622491e-02 3.116159664484155142e-02 1.157990934623730206e-02
2.597661028860293042e-02 3.084975992235192144e-02 1.152615626731909836e-02
2.583987768120032946e-02 3.052684116934360065e-02 1.148289258892024739e-02
2.570901977464391114e-02 3.018921704968043768e-02 1.144120011693938732e-02
2.558417443163141583e-02 2.983412804347050293e-02 1.139245063796470378e-02
2.546575695266930367e-02 2.945986438988515421e-02 1.132892867545467162e-02
2.535424847881472682e-02 2.906594164683894491e-02 1.124435523600351983e-02
2.525106612455044197e-02 2.865089442030205671e-02 1.113480395275919313e-02
2.515802915279987881e-02 2.821371573702669000e-02 1.099762074041732082e-02
2.507722345977061312e-02 2.775328335926715434e-02 1.083214228888784367e-02
2.501249751886243031e-02 2.726605984352393347e-02 1.063938539182130924e-02
2.496811458458602501e-02 2.674839669456587077e-02 1.042069453704158252e-02
2.494698147014824327e-02 2.620017347025933169e-02 1.017701047163261686e-02
2.495307294769638640e-02 2.561855826876966585e-02 9.911484594205348039e-03
2.499016908722343985e-02 2.500162923561605188e-02 9.625998738768088564e-03
2.505816620521867516e-02 2.435295500833720844e-02 9.321946503493633296e-03
2.515621317333908979e-02 2.367626237162293729e-02 9.001986715757376994e-03
2.528354156979896461e-02 2.297228808586893045e-02 8.670049775399344544e-03
2.543971970993399306e-02 2.223866774945719438e-02 8.329549305889050528e-03
2.562382563985950851e-02 2.147234601331579618e-02 7.982364546937939856e-03
2.583493156175817665e-02 2.067031912236872576e-02 7.628871829767923385e-03
2.607216992776711234e-02 1.983020838341856967e-02 7.268237251005261156e-03
2.633416078492560250e-02 1.895144063986402283e-02 6.898545027185842837e-03
2.662966977725087642e-02 1.801109540232778694e-02 6.522908317589205807e-03
2.696623611533148501e-02 1.699483872568342824e-02 6.132113121070063497e-03
2.734080942806375175e-02 1.590727350373237828e-02 5.715352142830986554e-03
2.775769843920678631e-02 1.474386015495499948e-02 5.267036228229582916e-03
2.822082769766799670e-02 1.349913114642609969e-02 4.781813680844735834e-03
2.873230683048995371e-02 1.216846512247445056e-02 4.254255232486264804e-03
2.929236474833838214e-02 1.075009120963989900e-02 3.679040322367931135e-03
2.989535864496963707e-02 9.254295301434513690e-03 3.050328233906583059e-03
3.052719406245407371e-02 7.707162131370230707e-03 2.365399873367019130e-03
3.117202330881171934e-02 6.134042114664629494e-03 1.631235094329306712e-03
3.181906362581866238e-02 4.544204516161987756e-03 8.629242859904630216e-04
3.245937546802010049e-02 2.938536437782115086e-03 7.507835647432836972e-05
3.307548987959772757e-02 1.335928712294870337e-03 -7.245070583429112253e-04
3.365756517502861700e-02 -2.608002174593307583e-04 -1.518402376527495240e-03
3.420887667985793301e-02 -1.866289255529265858e-03 -2.293171637861649449e-03
3.472074800216224527e-02 -3.470167525153400497e-03 -3.047064777710728218e-03
3.518059895875448595e-02 -5.050796048914692367e-03 -3.777126423798998940e-03
3.557861475482641811e-02 -6.590938422400200933e-03 -4.476068710764955286e-03
3.591208110986034152e-02 -8.094306982336898354e-03 -5.132119684019353402e-03
3.618623403441929842e-02 -9.583491847409270764e-03 -5.738702319324274527e-03
3.640901931975095568e-02 -1.108593698830279486e-02 -6.298594064680754917e-03
3.660609589949948700e-02 -1.265788844428283877e-02 -6.816949626219563282e-03
3.680069098999495802e-02 -1.433166964861272950e-02 -7.322452831504839069e-03
3.699982342580501737e-02 -1.610237230344174764e-02 -7.847454611344633138e-03
3.719788603736218224e-02 -1.792779013914377884e-02 -8.424176816923584568e-03
3.737022676327142467e-02 -1.974417109640911466e-02 -9.065757589092350230e-03
3.750552082981938040e-02 -2.153394400129659755e-02 -9.759141905651230048e-03
3.758875287653844210e-02 -2.328957714982995628e-02 -1.049369170168440273e-02
3.758766425420503876e-02 -2.497920403904960174e-02 -1.126247888714682066e-02
3.747785267179816471e-02 -2.658116745270380776e-02 -1.204665973071439994e-02
3.724895722784853785e-02 -2.809093217167742129e-02 -1.282286596405465828e-02
3.690576461836936328e-02 -2.953003329018856829e-02 -1.356528506082326641e-02
3.646148658908156259e-02 -3.092313922066906862e-02 -1.426173074854338724e-02
3.592258768454114487e-02 -3.227302542756212145e-02 -1.491089479400569892e-02
3.529618475923206045e-02 -3.357311517266085149e-02 -1.551363257743946372e-02
3.459408182326327574e-02 -3.482699709722102133e-02 -1.606677482019304437e-02
3.382797573774867089e-02 -3.604123629967802278e-02 -1.657228306962645059e-02
3.299733723260671325e-02 -3.720589650892596606e-02 -1.703783764119725513e-02
3.208969722089326931e-02 -3.829015172552901330e-02 -1.747219133549584788e-02
3.109439814078993058e-02 -3.927555374217683859e-02 -1.787106332121754515e-02
3.000979132651975662e-02 -4.016530073180046845e-02 -1.822739863971212931e-02
2.883295767776028473e-02 -4.096662357614535427e-02 -1.853787547800389221e-02
2.756666357133151501e-02 -4.169423979203139285e-02 -1.880231243780729200e-02
2.621904401859907752e-02 -4.236530056152791601e-02 -1.902493936997028470e-02
2.480068275064087335e-02 -4.299237799646032226e-02 -1.921479646437662323e-02
2.332433037515567811e-02 -4.358573921510590365e-02 -1.938199806361728950e-02
2.180183115008651334e-02 -4.414901506742398285e-02 -1.953863643213427440e-02
2.024338993266450865e-02 -4.468411810582798016e-02 -1.969401468344408879e-02
1.866102977077482850e-02 -4.519771582051056863e-02 -1.985513763589936281e-02
1.706447744816243922e-02 -4.569487789963057323e-02 -2.002869345231129278e-02
1.546513790190779183e-02 -4.618567899898837203e-02 -2.021851052957013978e-02
1.387544017412869340e-02 -4.668042820954296235e-02 -2.042902434893275471e-02
1.230181520411532774e-02 -4.717607389837253501e-02 -2.066622456064733451e-02
1.074777478801930419e-02 -4.766361141507738375e-02 -2.093142492361759616e-02
9.218453843641592066e-03 -4.813921265528319643e-02 -2.122009451958732640e-02
7.717160274213737473e-03 -4.859995104416742900e-02 -2.152632716851621969e-02
6.245078380802736827e-03 -4.904377815172979160e-02 -2.184283426028158642e-02
4.804000631957281754e-03 -4.947176848872966715e-02 -2.216178676443446988e-02
3.395616394075514147e-03 -4.988564120376168948e-02 -2.247615990358226012e-02
2.022159238302662695e-03 -5.028782835292276016e-02 -2.277987531100937255e-02
6.865138333746482937e-04 -5.068131626245704624e-02 -2.306814597853278428e-02
-6.072999779124317512e-04 -5.107125177844219766e-02 -2.333729645008834896e-02
-1.856894840590771461e-03 -5.145895260659102272e-02 -2.358703068524174024e-02
-3.061697575905110002e-03 -5.184373390822398509e-02 -2.381741739223763518e-02
-4.219833713083774411e-03 -5.222819668988536862e-02 -2.402855266961914649e-02
-5.330348440071211620e-03 -5.261513941769986602e-02 -2.422193765932941986e-02
-6.393071790387802253e-03 -5.300704704393596756e-02 -2.440017893900182228e-02
-7.408109336901577344e-03 -5.340611467155507996e-02 -2.456649139953388100e-02
-8.375668058196415744e-03 -5.381414265479192438e-02 -2.472436671341676773e-02
-9.296067701350340523e-03 -5.423240944435026023e-02 -2.487729916094281318e-02
-1.016980511528994130e-02 -5.466160212167530535e-02 -2.502853416859496249e-02
-1.099761134906486124e-02 -5.510181635646903275e-02 -2.518085323631705924e-02
-1.178046902936630280e-02 -5.555262524161742876e-02 -2.533640184846229493e-02
-1.251960628208918444e-02 -5.601314225929700935e-02 -2.549658752051147184e-02
-1.321646963397130406e-02 -5.648209307239469151e-02 -2.566202416582748225e-02
-1.387261216839691912e-02 -5.695804254375051029e-02 -2.583250783290255703e-02
-1.448960768308734694e-02 -5.743955417027042654e-02 -2.600712758434407801e-02
-1.506919260969439255e-02 -5.792490283255390116e-02 -2.618450898417872680e-02
-1.561331299928571392e-02 -5.841207797362345938e-02 -2.636285924788308449e-02
-1.612449533755374101e-02 -5.889802989297913266e-02 -2.654028703811861165e-02
-1.660549127217985504e-02 -5.937991281008472150e-02 -2.671427450377603791e-02
-1.705866864222697551e-02 -5.985616523105803666e-02 -2.688209939682415298e-02
-1.748641460228418307e-02 -6.032595529499239911e-02 -2.704139164898687608e-02
-1.789036951441218964e-02 -6.079037544991840181e-02 -2.719011896251249949e-02
-1.827215894001670698e-02 -6.125016992333978672e-02 -2.732773660391992279e-02
-1.863409962693652472e-02 -6.170455496375362031e-02 -2.745462303550625163e-02
-1.897822685485398009e-02 -6.215287070545425646e-02 -2.757137876258128339e-02
-1.930655363483075107e-02 -6.259462883755367857e-02 -2.767890985200023579e-02
-1.962124393956974494e-02 -6.302943307204365853e-02 -2.777845447268722026e-02
-1.992455703339333223e-02 -6.345697088848040179e-02 -2.787149239692539998e-02
-2.021872659267887409e-02 -6.387698242552038164e-02 -2.795963502919236038e-02
-2.050611031896903275e-02 -6.428865136332409524e-02 -2.804462573379683243e-02
-2.078887143129133641e-02 -6.469124313359531087e-02 -2.812782165044649951e-02
-2.106870286788810331e-02 -6.508440562471631829e-02 -2.821029255144160558e-02
-2.134724871670553442e-02 -6.546746976137603202e-02 -2.829294744324707678e-02
-2.162581040051781214e-02 -6.583997899717682067e-02 -2.837626764174683985e-02
-2.190577827522000032e-02 -6.620063978245994962e-02 -2.846069241940665101e-02
-2.218839435166425345e-02 -6.654830723686433469e-02 -2.854592305885659403e-02
-2.247408152227355072e-02 -6.688302990803678127e-02 -2.863120696927164838e-02
-2.276317060295262457e-02 -6.720492313597686840e-02 -2.871585458108315281e-02
-2.305582368356231399e-02 -6.751410927667628181e-02 -2.879921218040877931e-02
-2.335227006811723197e-02 -6.781010837354639609e-02 -2.888079120610586789e-02
-2.365317803352277176e-02 -6.809133812810079511e-02 -2.896012316124466773e-02
-2.395887915349654770e-02 -6.835710692363336505e-02 -2.903609958543587610e-02
-2.426912613257906082e-02 -6.860808506165677612e-02 -2.910760303350048289e-02
-2.458376624328092314e-02 -6.884512765782889454e-02 -2.917400874995263599e-02
-2.490225593974406543e-02 -6.906982240400866280e-02 -2.923497952992613544e-02
-2.522380210669532621e-02 -6.928375674551012775e-02 -2.929082507013143835e-02
-2.554774522333294259e-02 -6.948790469837581862e-02 -2.934230847327534003e-02
-2.587327472739622825e-02 -6.968317873837782950e-02 -2.939032314326325834e-02
-2.619956398564893263e-02 -6.987044960647374736e-02 -2.943586270559669579e-02
-2.652588586001267471e-02 -7.005050633386572523e-02 -2.947998223344567084e-02
-2.685161514350239281e-02 -7.022406471160617947e-02 -2.952372188061375829e-02
-2.717619441435928374e-02 -7.039176537010810586e-02 -2.956803455977827580e-02
-2.749909235907604249e-02 -7.055416998545378793e-02 -2.961372086234110093e-02
-2.781976713565520454e-02 -7.071176495028307085e-02 -2.966138020642080861e-02
-2.813765530491023348e-02 -7.086495183090187056e-02 -2.971138765065085494e-02
-2.845217552931508798e-02 -7.101404892056553675e-02 -2.976388427828582928e-02
-2.876273979702556605e-02 -7.115930160286566830e-02 -2.981878668175527713e-02
-2.906876852051978877e-02 -7.130090338767280933e-02 -2.987580758689236532e-02
-2.936970260636680846e-02 -7.143901909605232525e-02 -2.993449207365927664e-02
-2.966502645696473053e-02 -7.157378003629220886e-02 -2.999426640790948256e-02
-2.995426930013633804e-02 -7.170531810706992637e-02 -3.005447341422034374e-02
-3.023700867684796928e-02 -7.183377708019514363e-02 -3.011442940525260389e-02
-3.051288579028118772e-02 -7.195930882902557002e-02 -3.017347126281617192e-02
-3.078159814940463479e-02 -7.208209736580226124e-02 -3.023099538986636151e-02
-3.104290107510650210e-02 -7.220236465316320906e-02 -3.028649711607699080e-02
-3.129661157019501816e-02 -7.232036187856796805e-02 -3.033960260005651860e-02
-3.154261062780249619e-02 -7.243635543492327189e-02 -3.039008533555200009e-02
-3.178083283700680606e-02 -7.255063243506126858e-02 -3.043786426142243429e-02
-3.201125924270434298e-02 -7.266349133900373847e-02 -3.048300113607196188e-02
-3.223391331507340085e-02 -7.277522735728400582e-02 -3.052568412256763397e-02
-3.244885038011666861e-02 -7.288612203840161285e-02 -3.056620424466169328e-02
-3.265615801407992236e-02 -7.299641485167848720e-02 -3.060492860108775595e-02
-3.285594851658179411e-02 -7.310629717204598921e-02 -3.064226024087338129e-02
-3.304834930006161908e-02 -7.321591341768796113e-02 -3.067860336685113501e-02
-3.323350237943746566e-02 -7.332535462824947559e-02 -3.071433369898215332e-02
-3.341156883262846877e-02 -7.343464236239208298e-02 -3.074977596045608275e-02
-3.358272870345746508e-02 -7.354373189131957478e-02 -3.078517661729486543e-02
-3.374717224461747100e-02 -7.365253348868748551e-02 -3.082068741838779602e-02
-3.390510534538856285e-02 -7.376091221484985805e-02 -3.085636563932662307e-02
-3.405675177716976920e-02 -7.386869553119507215e-02 -3.089217560581189459e-02
-3.420235396328746846e-02 -7.397568019804925954e-02 -3.092799945604336048e-02
-3.434216988617955213e-02 -7.408165356994242390e-02 -3.096364733498241373e-02
-3.447647026575401813e-02 -7.418640659354834577e-02 -3.099888150968073408e-02
-3.460554080995717485e-02 -7.428974122864484553e-02 -3.103343863861056720e-02
-3.472967931135668984e-02 -7.439147669933690588e-02 -3.106705499136229454e-02
-3.484919151576288537e-02 -7.449146208960699678e-02 -3.109948420656955675e-02
-3.496438532053128961e-02 -7.458958192914855179e-02 -3.113051974787391096e-02
-3.507557106705355698e-02 -7.468575314330705428e-02 -3.116000978412620734e-02
-3.518305753660522228e-02 -7.477992109225228834e-02 -3.118786823163141250e-02
-3.528714638750234112e-02 -7.487206318351558032e-02 -3.121407465555252336e-02
-3.538812731190660310e-02 -7.496218357890871431e-02 -3.123867680343916584e-02
-3.548628066024991923e-02 -7.505029871000226671e-02 -3.126178462750511811e-02
-3.558186870787134054e-02 -7.513644126510968246e-02 -3.128355617786152121e-02
-3.567513451813449088e-02 -7.522065071144461157e-02 -3.130418735198575719e-02
-3.576630067047335132e-02 -7.530296841781872197e-02 -3.132389531274179517e-02
-3.585558648459007125e-02 -7.538338934941418712e-02 -3.134291385159586329e-02
-3.594320579770621943e-02 -7.546187550136580768e-02 -3.136145394932197267e-02
-3.602933169572335170e-02 -7.553842225562218404e-02 -3.137968159221070363e-02
-3.611410709267881547e-02 -7.561304267238273813e-02 -3.139773037269645573e-02
-3.619765796372555883e-02 -7.568573734467237690e-02 -3.141570457739924216e-02
-3.628008268637748779e-02 -7.575650835892994150e-02 -3.143366710112041607e-02
-3.636145411972220576e-02 -7.582535198943501920e-02 -3.145164571450271424e-02
-3.644182878799721859e-02 -7.589225591994895603e-02 -3.146963185716580153e-02
-3.652124812969614887e-02 -7.595720444741273225e-02 -3.148758632362538834e-02
-3.659974494001547868e-02 -7.602018398165080737e-02 -3.150544305504225651e-02
-3.667734477473991173e-02 -7.608118806095197362e-02 -3.152311977671462540e-02
-3.675407086505819154e-02 -7.614021840676953035e-02 -3.154052576465538049e-02
-3.682994184595443643e-02 -7.619729098034722092e-02 -3.155757069198081299e-02
-3.690497178317857924e-02 -7.625243888430546790e-02 -3.157417219461081809e-02
-3.697916814023478882e-02 -7.630571436831691534e-02 -3.159026399583088340e-02
-3.705253332036734237e-02 -7.635718409308581145e-02 -3.160580233115323212e-02
-3.712506801455371652e-02 -7.640691852776351767e-02 -3.162077036608297587e-02
-3.719676639599817092e-02 -7.645500193444274006e-02 -3.163517213178128340e-02
-3.726761410684230336e-02 -7.650153098287285069e-02 -3.164903572615442029e-02
-3.733759691345887866e-02 -7.654659809975093709e-02 -3.166241226547544113e-02
-3.740669120063366132e-02 -7.659030699193208891e-02 -3.167536429201966985e-02
-3.747486809914130079e-02 -7.663275734114281812e-02 -3.168796901802893584e-02
-3.754209906719646606e-02 -7.667403698501429332e-02 -3.170030785099637455e-02
-3.760834874381250442e-02 -7.671423009276079341e-02 -3.171245872982191016e-02
-3.767357823027705360e-02 -7.675341471439087182e-02 -3.172449113851066177e-02
-3.773773755474046920e-02 -7.679167901258897311e-02 -3.173645956119160172e-02
-3.780076287590691114e-02 -7.682912567101823909e-02 -3.174840642313324357e-02
-3.786260213721915485e-02 -7.686581567904857137e-02 -3.176037684275326289e-02
-3.792321698559318610e-02 -7.690177472099260503e-02 -3.177239557698900707e-02
-3.798257005570058326e-02 -7.693701728919058458e-02 -3.178446344615748487e-02
-3.804063480254815666e-02 -7.697154922264409782e-02 -3.179655757404015182e-02
-3.809739012932606556e-02 -7.700538102473239443e-02 -3.180863664221661447e-02
-3.815282636256303594e-02 -7.703851842937482763e-02 -3.182064945799791683e-02
-3.820693935811993874e-02 -7.707097133630515240e-02 -3.183253610526638744e-02
-3.825972711630383494e-02 -7.710275532486096650e-02 -3.184423529656218305e-02
-3.831119126220771526e-02 -7.713388891103865885e-02 -3.185568932696311584e-02
-3.836133727278682320e-02 -7.716439028921902310e-02 -3.186684927331752404e-02
-3.841017465984582213e-02 -7.719427919004322181e-02 -3.187767542786265618e-02
-3.845771323870778025e-02 -7.722358390064565370e-02 -3.188813905829351869e-02
-3.850396641280165455e-02 -7.725233503716512351e-02 -3.189822667244245069e-02
-3.854895254441883384e-02 -7.728056150160228510e-02 -3.190793952387104698e-02
-3.859269110826327176e-02 -7.730829567449132300e-02 -3.191729010944511363e-02
-3.863520527978673430e-02 -7.733556486098060179e-02 -3.192630371137567674e-02
-3.867651894829473441e-02 -7.736239872406724949e-02 -3.193501071991852736e-02
-3.871665767952103820e-02 -7.738882061716252647e-02 -3.194344993744428762e-02
-3.875565347221284623e-02 -7.741484225604092217e-02 -3.195166153706728573e-02
-3.879353351991322169e-02 -7.744048214144658160e-02 -3.195968059369679037e-02
-3.883032783136441263e-02 -7.746574986179789735e-02 -3.196754248991866970e-02
-3.886606997091682225e-02 -7.749064698228276538e-02 -3.197527614121721540e-02
-3.890079153539880569e-02 -7.751517358866713558e-02 -3.198290262414949653e-02
-3.893452575778771907e-02 -7.753932438754256029e-02 -3.199043518483021126e-02
-3.896730494985180260e-02 -7.756309345290279822e-02 -3.199787829032049724e-02
-3.899916361671385001e-02 -7.758646804508609329e-02 -3.200523056174216230e-02
-3.903013587903178538e-02 -7.760943668332576095e-02 -3.201248155456613842e-02
-3.906025433451737472e-02 -7.763198940936781589e-02 -3.201961660483602229e-02
-3.908955477069211287e-02 -7.765411207177071173e-02 -3.202661854560923810e-02
-3.911807197573336642e-02 -7.767579371388688703e-02 -3.203346733740926322e-02
-3.914584089537321426e-02 -7.769702495727562330e-02 -3.204014355039223882e-02
-3.917289525604372713e-02 -7.771780230527076949e-02 -3.204662862186219430e-02
-3.919926647454329005e-02 -7.773812819841216526e-02 -3.205290851644402444e-02
-3.922498939925015554e-02 -7.775799907284204615e-02 -3.205897708218365116e-02
-3.925009462595008963e-02 -7.777742188207334428e-02 -3.206482902619695735e-02
-3.927461205160634461e-02 -7.779640138532339932e-02 -3.207046910622048802e-02
-3.929857330418869144e-02 -7.781494246057385489e-02 -3.207590467884741114e-02
-3.932200412583376770e-02 -7.783305694297165678e-02 -3.208114790996237364e-02
-3.934493225655284754e-02 -7.785075255469194044e-02 -3.208621580776453708e-02
-3.936738513808833717e-02 -7.786803307130085727e-02 -3.209112841677440320e-02
-3.938938403851671710e-02 -7.788491288863598483e-02 -3.209590199290159040e-02
-3.941094618540247341e-02 -7.790140718561801292e-02 -3.210055692570266961e-02
-3.943209296505213735e-02 -7.791751972520288838e-02 -3.210511444589901620e-02
-3.945283941271342243e-02 -7.793325978287464484e-02 -3.210959022138418217e-02
-3.947320050435500216e-02 -7.794863018808829980e-02 -3.211399945938071127e-02
-3.949319015868296007e-02 -7.796363437909679950e-02 -3.211835076099033015e-02
-3.951281789390932719e-02 -7.797827899593831602e-02 -3.212264939145029891e-02
-3.953209489240737395e-02 -7.799256607870146130e-02 -3.212689786134712011e-02
-3.955102973439897363e-02 -7.800649950557608792e-02 -3.213109442899350632e-02
-3.956962981678936730e-02 -7.802008304358692969e-02 -3.213523487868644168e-02
-3.958790185542836182e-02 -7.803332046071334571e-02 -3.213931290063493096e-02
-3.960585196225133858e-02 -7.804621548392440267e-02 -3.214332109760765360e-02
-3.962348549477005127e-02 -7.805877338695058065e-02 -3.214725109309304191e-02
-3.964080874654520026e-02 -7.807099715280442498e-02 -3.215109598200978358e-02
-3.965782420344451248e-02 -7.808289990154265725e-02 -3.215484630293387325e-02
-3.967453219548869314e-02 -7.809449689630143521e-02 -3.215849817431616631e-02
-3.969093932690188897e-02 -7.810579219393852524e-02 -3.216205247567822251e-02
-3.970704956359175780e-02 -7.811679395546407279e-02 -3.216550877300604350e-02
-3.972286394803391241e-02 -7.812751605846983416e-02 -3.216886786713041291e-02
-3.973838589273526178e-02 -7.813796866823213838e-02 -3.217213473783871874e-02
-3.975361866916789916e-02 -7.814816303002361519e-02 -3.217531469597428861e-02
-3.976856235837237380e-02 -7.815811510350804958e-02 -3.217841388978075895e-02
-3.978322108318364803e-02 -7.816783088667679513e-02 -3.218144274292908391e-02
-3.979759767922839281e-02 -7.817731939210333103e-02 -3.218440761361500424e-02
-3.981168976357577632e-02 -7.818659668606217639e-02 -3.218731447088192532e-02
-3.982549953251732222e-02 -7.819566952287537731e-02 -3.219017202644641751e-02
-3.983902804822690019e-02 -7.820454591647896248e-02 -3.219298549701093970e-02
-3.985227639544749317e-02 -7.821323047468894951e-02 -3.219576017438484372e-02
-3.986524657118514087e-02 -7.822172772818283826e-02 -3.219849754326675056e-02
-3.987793690023584692e-02 -7.823004800089822242e-02 -3.220119713115238841e-02
-3.989034654040586603e-02 -7.823820078196966343e-02 -3.220385860894522945e-02
-3.990248014323441450e-02 -7.824618224662854837e-02 -3.220648446933240677e-02
-3.991434038515628835e-02 -7.825399519055695197e-02 -3.220906949652150436e-02
-3.992592714807843834e-02 -7.826164519338388303e-02 -3.221161017080816091e-02
-3.993724759416528158e-02 -7.826912855957104953e-02 -3.221410349603758688e-02
-3.994830387769154889e-02 -7.827645209901291923e-02 -3.221654269965815165e-02
-3.995909582926986808e-02 -7.828362806067214186e-02 -3.221892292911163191e-02
-3.996962813853029151e-02 -7.829065893593181724e-02 -3.222124477602412301e-02
-3.997990988405337315e-02 -7.829753809494437167e-02 -3.222350918443608186e-02
-3.998994727949477246e-02 -7.830426527881742538e-02 -3.222571301367010282e-02
-3.999974076902747949e-02 -7.831085454205963248e-02 -3.222785175553422032e-02
-4.000929438678773459e-02 -7.831731327742721960e-02 -3.222992856728499472e-02
-4.001861577287352256e-02 -7.832364301097495540e-02 -3.223194728946309623e-02
-4.002770942857084707e-02 -7.832984758152689020e-02 -3.223391150346550937e-02
-4.003658236182743718e-02 -7.833592611236098180e-02 -3.223582562188291589e-02
-4.004523697181577857e-02 -7.834188855819226860e-02 -3.223769031846625277e-02
-4.005367711068868325e-02 -7.834773958152042861e-02 -3.223951167010559449e-02
-4.006190973969230018e-02 -7.835348039244327545e-02 -3.224129390893364089e-02
-4.006994011637790565e-02 -7.835911095168365814e-02 -3.224304193027910381e-02
-4.007777388555075482e-02 -7.836463331110821162e-02 -3.224475698518459998e-02
-4.008541597455833605e-02 -7.837004799879987438e-02 -3.224644207566657039e-02
-4.009287455993717358e-02 -7.837535207783494218e-02 -3.224809802921639601e-02
-4.010015421685538678e-02 -7.838054783155024019e-02 -3.224972390818088563e-02
-4.010726044702021820e-02 -7.838563665117534440e-02 -3.225131885850426872e-02
-4.011419578391874075e-02 -7.839062556072164123e-02 -3.225288078746049725e-02
-4.012096611966928933e-02 -7.839551199211336474e-02 -3.225441198643545088e-02
-4.012757955324338516e-02 -7.840029037288984148e-02 -3.225591156175509899e-02
-4.013404007162692244e-02 -7.840496142377306743e-02 -3.225737676410585231e-02
-4.014035070710238878e-02 -7.840953103844894301e-02 -3.225880414430357113e-02
-4.014651454335752684e-02 -7.841400413087845633e-02 -3.226019380580810725e-02
-4.015253787334852054e-02 -7.841837950220083286e-02 -3.226154729219761486e-02
-4.015842560856330151e-02 -7.842265680397830785e-02 -3.226286519386126206e-02
-4.016418305593846827e-02 -7.842683482339708745e-02 -3.226414814041290990e-02
-4.016981393979773829e-02 -7.843091707050023342e-02 -3.226539533719234576e-02
-4.017532136771340134e-02 -7.843490792716907578e-02 -3.226660796357978811e-02
-4.018071020173703128e-02 -7.843880881477978406e-02 -3.226778833029480403e-02
-4.018598298724850720e-02 -7.844262443538538299e-02 -3.226893798507655259e-02
-4.019114395614743762e-02 -7.844635420557298511e-02 -3.227006082800077530e-02
-4.019619617935724087e-02 -7.845000101906934864e-02 -3.227115778614926545e-02
-4.020114099966647092e-02 -7.845356860340518823e-02 -3.227223140991180433e-02
-4.020598394998355085e-02 -7.845705375921968594e-02 -3.227328481915877484e-02
-4.021072708358301023e-02 -7.846045969698814404e-02 -3.227431786195335273e-02
-4.021537211873707496e-02 -7.846378929973971128e-02 -3.227533178909675060e-02
-4.021992241435223825e-02 -7.846704310450156039e-02 -3.227632764828509970e-02
-4.022438157299269151e-02 -7.847021919878643947e-02 -3.227730666657543240e-02
-4.022875078222973300e-02 -7.847332171696463909e-02 -3.227826669046175018e-02
-4.023303082047513524e-02 -7.847635319651746766e-02 -3.227920843628667713e-02
-4.023722534328652567e-02 -7.847931242980091260e-02 -3.228013190442066693e-02
-4.024133545522937117e-02 -7.848220103754829924e-02 -3.228103639573269568e-02
-4.024536232183424656e-02 -7.848502163870671455e-02 -3.228192077840434659e-02
-4.024930619428234574e-02 -7.848777808558894675e-02 -3.228278472398749682e-02
-4.025316925712073279e-02 -7.849047031789610496e-02 -3.228362922833903637e-02
-4.025695426230919277e-02 -7.849309689383682231e-02 -3.228445466838227723e-02
-4.026066140699252616e-02 -7.849566196915705452e-02 -3.228525953526800024e-02
-4.026429150668941331e-02 -7.849816804237458312e-02 -3.228604471264942544e-02
-4.026784548856587875e-02 -7.850061897113770615e-02 -3.228681021328533296e-02
-4.027132357603742385e-02 -7.850301753689374606e-02 -3.228755800193592457e-02
-4.027472871829326784e-02 -7.850536188873322163e-02 -3.228829007256711625e-02
-4.027806379028296691e-02 -7.850764918413732918e-02 -3.228900767826221874e-02
-4.028133100797537391e-02 -7.850987970915054848e-02 -3.228970979118105100e-02
-4.028452845052165471e-02 -7.851206274469657576e-02 -3.229039442791012404e-02
-4.028765714088591854e-02 -7.851420068529041396e-02 -3.229106441626904828e-02
-4.029072084873395326e-02 -7.851629034611251612e-02 -3.229172190313329971e-02
-4.029371881372201258e-02 -7.851833538863434159e-02 -3.229236615908393643e-02
-4.029665194879565593e-02 -7.852033564776519925e-02 -3.229299861816237877e-02
-4.029952093360023024e-02 -7.852229361977904054e-02 -3.229361851503953496e-02
-4.030232482585596743e-02 -7.852421315113393419e-02 -3.229422650807514672e-02
-4.030506766178561240e-02 -7.852608905916615145e-02 -3.229482486348942555e-02
-4.030775118639491617e-02 -7.852792109563054568e-02 -3.229541202821687579e-02
-4.031037400291551109e-02 -7.852971494102967132e-02 -3.229598622929046037e-02
-4.031293735231630815e-02 -7.853147187035178223e-02 -3.229654828510174908e-02
-4.031544451083111935e-02 -7.853318851673900258e-02 -3.229709933198482430e-02
-4.031789699794245674e-02 -7.853486474310468479e-02 -3.229763807568510059e-02
-4.032029418397359982e-02 -7.853650468423449549e-02 -3.229816303128604793e-02
-4.032263589263763298e-02 -7.853811232178480040e-02 -3.229867416408153252e-02
-4.032492420703220892e-02 -7.853968613164048762e-02 -3.229917349735401955e-02
-4.032716122542452652e-02 -7.854122473851601893e-02 -3.229966119744923786e-02
-4.032934694438677914e-02 -7.854273020282834250e-02 -3.230013683552325487e-02
-4.033148248289705751e-02 -7.854420353339588989e-02 -3.230060076287339516e-02
-4.033356862246500335e-02 -7.854564669991012660e-02 -3.230105324117223120e-02
-4.033560659562931278e-02 -7.854706013974419032e-02 -3.230149538621927829e-02
-4.033759826832788997e-02 -7.854844310879546820e-02 -3.230192795773129122e-02
-4.033954474921146172e-02 -7.854979597860431428e-02 -3.230235112503027084e-02
-4.034144613931943402e-02 -7.855112164221025872e-02 -3.230276450221311602e-02
-4.034330251889233637e-02 -7.855242257962391506e-02 -3.230316890064797997e-02
-4.034511663949531118e-02 -7.855369557323879648e-02 -3.230356632623611335e-02
-4.034689007031210667e-02 -7.855494003673554881e-02 -3.230395620110802085e-02
-4.034862376533827899e-02 -7.855615581721644980e-02 -3.230433849599514268e-02
-4.035031743733055731e-02 -7.855734759204092976e-02 -3.230471140923479867e-02
