-7.079051863910106046e-02 2.865125615249360103e-02 6.786798859628064007e-02
-8.488793772533617665e-02 1.580600939658817483e-02 -2.190238081910103607e-02
-1.079785974546576821e-01 -5.801157983603130730e-03 2.957478459878247826e-03
-1.652677396738721494e-01 -4.902815377012334497e-02 3.292688006327598726e-02
-2.387432374057490980e-01 -9.361948146859398745e-02 3.235403812722667527e-02
-3.079995118248176067e-01 -1.261743705246168856e-01 2.960934396581101427e-03
-3.550178703611628350e-01 -1.492894236381896722e-01 -3.862576431998150650e-02
-3.722814004940174226e-01 -1.678476492226191885e-01 -8.166462354247078226e-02
-3.644169766788929454e-01 -1.813373464615740671e-01 -1.225857350829440695e-01
-3.405380150806395223e-01 -1.899025927384263845e-01 -1.588501586163061918e-01
-3.083416961789170463e-01 -1.968258430504853107e-01 -1.875095271984994205e-01
-2.734599861858214020e-01 -2.043141742462044330e-01 -2.063197481457914872e-01
-2.390509904216127635e-01 -2.119606413906198750e-01 -2.138559780614915917e-01
-2.060501972638009438e-01 -2.177178073113712198e-01 -2.094229726904660860e-01
-1.743488263349411149e-01 -2.193868511067535998e-01 -1.931977037228090888e-01
-1.436823510571628160e-01 -2.163849396154759464e-01 -1.662539727431823766e-01
-1.141921928459725677e-01 -2.100375911643018734e-01 -1.308605107808743506e-01
-8.702773254808569836e-02 -2.018716525439904763e-01 -9.055272903081960922e-02
-6.357321185396870578e-02 -1.936792010144331999e-01 -4.907197552725935108e-02
-4.484813235144022303e-02 -1.868399084290619794e-01 -1.008535008919123240e-02
-3.118292207904706584e-02 -1.825063840922923619e-01 2.358785143610915916e-02
-2.182347591326039282e-02 -1.818428423030382657e-01 4.988740765638129127e-02
-1.565962227962908876e-02 -1.852123971370779609e-01 6.740065988568159916e-02
-1.151193193435002052e-02 -1.920397277728759788e-01 7.535762386651755074e-02
-8.491641663560381414e-03 -2.009426010997862333e-01 7.379071628138871020e-02
-5.885496349355312518e-03 -2.106073080040894996e-01 6.363732646600483989e-02
-3.235327644394832280e-03 -2.200354297469291343e-01 4.646783078763007391e-02
-5.463907975000632800e-04 -2.281631135733897253e-01 2.415755698196242474e-02
1.838966912547854160e-03 -2.339230607311494348e-01 -1.146658722849074052e-03
3.653857242533534860e-03 -2.368015032449484747e-01 -2.707997281489483640e-02
4.809843118465315093e-03 -2.368494855914470287e-01 -5.140626459008363486e-02
5.278719808983367567e-03 -2.343149333098036302e-01 -7.231468591740637664e-02
5.042174934609598008e-03 -2.294087169022064887e-01 -8.852768948782877012e-02
4.021540301728725869e-03 -2.221592423297056584e-01 -9.930640211080377089e-02
2.140124829031043660e-03 -2.126795358075466158e-01 -1.043148158107976148e-01
-5.962022692837156551e-04 -2.014088585990791991e-01 -1.036148425984615012e-01
-4.222833255475061734e-03 -1.888936153801505091e-01 -9.773368943339845460e-02
-8.813723410150565291e-03 -1.757055372095727153e-01 -8.756059812948449594e-02
-1.437094278844702755e-02 -1.625064160135043512e-01 -7.421664266244634711e-02
-2.082671796994943481e-02 -1.499434570856299220e-01 -5.898385964041051588e-02
-2.806440402395739622e-02 -1.385537761988490102e-01 -4.319719033957873655e-02
-3.588540722863566013e-02 -1.288032143378500249e-01 -2.811665182371496374e-02
-4.405386769307109013e-02 -1.209963224789923492e-01 -1.487864221677967329e-02
-5.237359718597071889e-02 -1.151748019699222747e-01 -4.418662024704393329e-03
-6.068804592999418185e-02 -1.111598991295528610e-01 2.619047047615605250e-03
-6.880698941286267356e-02 -1.087824033534059293e-01 5.964307566907622697e-03
-7.650864403199941766e-02 -1.078964547391205314e-01 5.637535805471123769e-03
-8.365205702080309724e-02 -1.081924507097016125e-01 1.878586505045213781e-03
-9.016230613901227153e-02 -1.092191165668604247e-01 -4.843214445575862864e-03
-9.596911261116064518e-02 -1.105457769273122115e-01 -1.382978861595489731e-02
-1.009911185413107648e-01 -1.118454089691173214e-01 -2.424344185805527019e-02
-1.051728050520918251e-01 -1.128660209253524171e-01 -3.521242785887491317e-02
-1.085033156509419561e-01 -1.133907273437186058e-01 -4.591126611651463046e-02
-1.110274482938570784e-01 -1.132124124468754101e-01 -5.560819591841396903e-02
-1.128035111087057896e-01 -1.122285008622457697e-01 -6.367422424547682092e-02
-1.138848240288642538e-01 -1.104700342275981850e-01 -6.963961888747391415e-02
-1.143352252112911360e-01 -1.080698595382437316e-01 -7.322999169090538274e-02
-1.142551999667325846e-01 -1.051563548631452572e-01 -7.439953709384641845e-02
-1.137716636931772468e-01 -1.018614259997948357e-01 -7.327321646077174233e-02
-1.129839138692119715e-01 -9.838350626045566649e-02 -7.011638942926130824e-02
-1.119840122973634888e-01 -9.494360581658564668e-02 -6.532065778020838820e-02
-1.108493826285022743e-01 -9.176716768483313136e-02 -5.936912035756676531e-02
-1.096299897076917912e-01 -8.907806075964398718e-02 -5.279200727909504759e-02
-1.083615027070940623e-01 -8.703936037483578358e-02 -4.614029000207185705e-02
-1.070666198266458091e-01 -8.574954598417409979e-02 -3.992472437343776159e-02
-1.057391170713844197e-01 -8.526397242062040693e-02 -3.457942748055880394e-02
-1.043642473088899070e-01 -8.557429470133279259e-02 -3.044047513015463863e-02
-1.029131643775113569e-01 -8.663273436383292503e-02 -2.772198176773260289e-02
-1.013550106672114759e-01 -8.833821457069310212e-02 -2.651992798582617286e-02
-9.967519584854445114e-02 -9.052239874017088683e-02 -2.681081205990240579e-02
-9.785912970821272761e-02 -9.300237562543792191e-02 -2.844583961179419918e-02
-9.588911707040451149e-02 -9.560678705162126145e-02 -3.117783030068672911e-02
-9.375668899505554266e-02 -9.817307530660321357e-02 -3.469476750328342324e-02
-9.146294290064008181e-02 -1.005542661699639351e-01 -3.864925481936270363e-02
-8.902130791903037355e-02 -1.026199102143988545e-01 -4.268777915405891354e-02
-8.645445838784315828e-02 -1.042705302522903693e-01 -4.647311919827944171e-02
-8.379085790517726284e-02 -1.054481069766672330e-01 -4.970948712782848056e-02
-8.106730049553298456e-02 -1.061327956442144060e-01 -5.216434147070076605e-02
-7.832677055468062477e-02 -1.063409741343742387e-01 -5.368155140456083024e-02
-7.561530622897995324e-02 -1.061211520164907218e-01 -5.418765520939995695e-02
-7.297712536845771258e-02 -1.055516114419397244e-01 -5.369063532076412404e-02
-7.045839676670352658e-02 -1.047170522613463939e-01 -5.227858204885003912e-02
-6.810512117496640705e-02 -1.037036563072445405e-01 -5.010032057298554470e-02
-6.595408510020271675e-02 -1.026023777616035526e-01 -4.734869777839104121e-02
-6.402651498105940697e-02 -1.015171340465928496e-01 -4.424025330600118988e-02
-6.232976618906001937e-02 -1.005457497522973254e-01 -4.100860166736711165e-02
-6.086727449215487140e-02 -9.975562164861492831e-02 -3.788557760823092757e-02
-5.963016485237060405e-02 -9.919196371351093888e-02 -3.507827264941271173e-02
-5.859949956688667583e-02 -9.887643798206416368e-02 -3.275586835034124261e-02
-5.775179395561519380e-02 -9.880317779964478686e-02 -3.104081902191729858e-02
-5.706096082612770182e-02 -9.894331400456271575e-02 -3.000116201729288029e-02
-5.649917812472129985e-02 -9.925127017424609233e-02 -2.964928198065592407e-02
-5.603993935041480523e-02 -9.966817757483791007e-02 -2.994555734376577738e-02
-5.565929564400343144e-02 -1.001275757272919870e-01 -3.080488793680458831e-02
-5.533760496962526060e-02 -1.005594354897495213e-01 -3.210664702626322975e-02
-5.505944650230545218e-02 -1.008979853600225907e-01 -3.370502496180783486e-02
-5.481320562438786459e-02 -1.010877930429511518e-01 -3.544242051073463740e-02
-5.459253062918617561e-02 -1.010854727555206001e-01 -3.716286180566645558e-02
-5.439723908564119553e-02 -1.008592422198042599e-01 -3.872414288226910806e-02
-5.422986946810909314e-02 -1.003971272684799354e-01 -4.000462797331306997e-02
-5.409290520997605406e-02 -9.970925124935689499e-02 -4.091299875812929449e-02
-5.399051851806933866e-02 -9.882187674141273970e-02 -4.139450829050390912e-02
-5.392635406480027205e-02 -9.777521514943635084e-02 -4.143239117093741597e-02
-5.390378310790544525e-02 -9.661677268074407576e-02 -4.104706717122086346e-02
-5.392558638326797743e-02 -9.539712944401110284e-02 -4.029091339904639080e-02
-5.399264626877899043e-02 -9.416790695189626581e-02 -3.924129800075175367e-02
-5.410384443994185194e-02 -9.297860894014683963e-02 -3.799291847230358565e-02
-5.425613507050072726e-02 -9.187302471538566495e-02 -3.664968151389191853e-02
-5.444473497304543053e-02 -9.088597616636120979e-02 -3.531614237991678729e-02
-5.466169231146206231e-02 -9.004435592197457261e-02 -3.408865139494863389e-02
-5.489690998867795269e-02 -8.936355488625248589e-02 -3.305020030636501849e-02
-5.514011538820712266e-02 -8.884484975554859942e-02 -3.226461680556478445e-02
-5.538057355456428577e-02 -8.847721657092028069e-02 -3.177230049441186893e-02
-5.560765164867401827e-02 -8.824013986651252361e-02 -3.158809168832423658e-02
-5.581056680074429621e-02 -8.810798966549204803e-02 -3.170183926449784972e-02
-5.597940484150355778e-02 -8.805174352189668041e-02 -3.208174157173391411e-02
-5.610598992308350741e-02 -8.804042383930266169e-02 -3.267854019593509352e-02
-5.618406568451995986e-02 -8.804334941850310015e-02 -3.343030444307361349e-02
-5.621014401272653865e-02 -8.803095892473862538e-02 -3.426812293389733255e-02
-5.618330009718827678e-02 -8.797801798692320152e-02 -3.512082069292804531e-02
-5.610421892977719011e-02 -8.786701793244447445e-02 -3.592041631363077081e-02
-5.597560959137352909e-02 -8.768825767477055055e-02 -3.660766566790254334e-02
-5.580257886796085448e-02 -8.743833591485582202e-02 -3.713635563680314083e-02
-5.559192660125895219e-02 -8.712025859008547257e-02 -3.747518971295677598e-02
-5.534996540986020230e-02 -8.674587023303292899e-02 -3.760846568781030935e-02
-5.508240861674348898e-02 -8.633350990424672189e-02 -3.753746255043535762e-02
-5.479507965020680160e-02 -8.590407798285434882e-02 -3.727957214281602677e-02
-5.449296212842022480e-02 -8.547978192659386187e-02 -3.686537255130505064e-02
-5.418032022142484777e-02 -8.508148693627312631e-02 -3.633557429537921657e-02
-5.386097172741599604e-02 -8.472683760536370290e-02 -3.573685686178852683e-02
-5.353847558077789309e-02 -8.442855873330026850e-02 -3.511785715342340131e-02
-5.321597743024626681e-02 -8.419458919634253968e-02 -3.452461497812820551e-02
-5.289510104930070233e-02 -8.402983064641170174e-02 -3.399707468244812791e-02
-5.257630280681174773e-02 -8.393536256587318112e-02 -3.356724497157120846e-02
-5.225933339233020114e-02 -8.390751597761803016e-02 -3.325763868986240934e-02
-5.194328477407447742e-02 -8.393807287090715441e-02 -3.308010953426576001e-02
-5.162653010446358048e-02 -8.401562172401413897e-02 -3.303541239317266121e-02
-5.130700254409911037e-02 -8.412669244277043434e-02 -3.311407041673131157e-02
-5.098287540681484264e-02 -8.425641979356843225e-02 -3.329795723680506470e-02
-5.065287743938405585e-02 -8.438966767338632047e-02 -3.356223176022630345e-02
-5.031650159994202620e-02 -8.451216392194466076e-02 -3.387764813869055536e-02
-4.997419552391361985e-02 -8.461135224779928188e-02 -3.421309187771510996e-02
-4.962762382815778806e-02 -8.467668577496964555e-02 -3.453810985715555920e-02
-4.927964081945758468e-02 -8.470017170597932132e-02 -3.482495519104913950e-02
-4.893316019079986534e-02 -8.467880675943860458e-02 -3.504996090343104331e-02
-4.859091874266421862e-02 -8.461428848361512989e-02 -3.519588781438828806e-02
-4.825612125979837630e-02 -8.451100174804121457e-02 -3.525317555375597628e-02
-4.793187846565761384e-02 -8.437565101010652269e-02 -3.521986946441255095e-02
-4.762094722482585613e-02 -8.421665873133443725e-02 -3.510115372495432179e-02
-4.732568503434601836e-02 -8.404339220722678583e-02 -3.490845481102848591e-02
-4.704841686723772176e-02 -8.386451124134761126e-02 -3.465832931907121550e-02
-4.679105863915405950e-02 -8.368819645916567018e-02 -3.437026201916627832e-02
-4.655462239180351014e-02 -8.352217478101026105e-02 -3.406515797000410350e-02
-4.633961919984385530e-02 -8.337255858244839446e-02 -3.376387387823714253e-02
-4.614582252252429073e-02 -8.324367887273795286e-02 -3.348557620587402917e-02
-4.597226435752642393e-02 -8.313783120930906545e-02 -3.324643910995407625e-02
-4.581734542729461873e-02 -8.305517977144198649e-02 -3.305864138191560997e-02
-4.567897414494652419e-02 -8.299390106852186366e-02 -3.292971745012707174e-02
-4.555475425305841042e-02 -8.295047889805709507e-02 -3.286231288885653468e-02
-4.544218482957829153e-02 -8.292010958698273204e-02 -3.285433341617385872e-02
-4.533884848714784394e-02 -8.289716791410001173e-02 -3.289944181853525496e-02
-4.524254172683018355e-02 -8.287575408780781250e-02 -3.298782337299656364e-02
-4.515133693185505170e-02 -8.285027798058940129e-02 -3.310716794680067937e-02
-4.506371185778818012e-02 -8.281575222263859448e-02 -3.324384769170353471e-02
-4.497862750645171409e-02 -8.276807919102208144e-02 -3.338401315159882088e-02
-4.489546820745231315e-02 -8.270441063462916076e-02 -3.351462018085989147e-02
-4.481423337744426527e-02 -8.262284526361129977e-02 -3.362446834282465519e-02
-4.473528795685201287e-02 -8.252302441383696507e-02 -3.370460891215781157e-02
-4.465898983928649757e-02 -8.240652034103500279e-02 -3.374896121762389206e-02
-4.458587249443091149e-02 -8.227617725054928166e-02 -3.375477711790129953e-02
-4.451652041942825988e-02 -8.213573916796519658e-02 -3.372260141657539012e-02
-4.445142258997599599e-02 -8.198953371960476799e-02 -3.365595240681758249e-02
-4.439090026862986538e-02 -8.184211368834298783e-02 -3.356083114935198841e-02
-4.433508732290479537e-02 -8.169789364308302493e-02 -3.344507780479445691e-02
-4.428391362899572470e-02 -8.156084907443500454e-02 -3.331762860507292423e-02
-4.423710857644512495e-02 -8.143425491785204196e-02 -3.318774954031068064e-02
-4.419420948665068322e-02 -8.132050535050262818e-02 -3.306429186487873373e-02
-4.415457397808405376e-02 -8.122101626279218389e-02 -3.295503594659036917e-02
-4.411741352581728670e-02 -8.113619043801797992e-02 -3.286616755288765401e-02
-4.408182904476266872e-02 -8.106547662410101829e-02 -3.280190786628865707e-02
-4.404686107860779354e-02 -8.100748140717980994e-02 -3.276433022451592791e-02
-4.401154543610814179e-02 -8.096014371643331375e-02 -3.275334742642939390e-02
-4.397496421946858053e-02 -8.092094913916045296e-02 -3.276687168464402500e-02
-4.393630152598286542e-02 -8.088715252948378009e-02 -3.280111592939120163e-02
-4.389488953605537314e-02 -8.085599654346078968e-02 -3.285100518238048134e-02
-4.385023503405904854e-02 -8.082493632177968623e-02 -3.291064671951625387e-02
-4.380203825709999554e-02 -8.079181108466096384e-02 -3.297384450065679595e-02
-4.375020728723164054e-02 -8.075496609624341349e-02 -3.303459088523012094e-02
-4.369483961111596954e-02 -8.071335362643003442e-02 -3.308750580551529652e-02
-4.363620752429579752e-02 -8.066655460815655432e-02 -3.312820641861439347e-02
-4.357472482614763165e-02 -8.061477034372230288e-02 -3.315356421734418080e-02
-4.351091478058663475e-02 -8.055874042089315734e-02 -3.316186260807806041e-02
-4.344537496717448821e-02 -8.049963559219465437e-02 -3.315281912867905356e-02
-4.337871510036328537e-02 -8.043896417708337743e-02 -3.312749702180851213e-02
-4.331153357365384593e-02 -8.037839198854450362e-02 -3.308814400621599983e-02
-4.324438497932233533e-02 -8.031959517580469776e-02 -3.303792475581007054e-02
-4.317773458775844841e-02 -8.026414548034993546e-02 -3.298061067219892895e-02
-4.311195041194570976e-02 -8.021337036575404422e-02 -3.292025517860600742e-02
-4.304729149666175481e-02 -8.016826169599289287e-02 -3.286085964929467973e-02
-4.298390317938163147e-02 -8.012941858290409392e-02 -3.280607042855902822e-02
-4.292182762308204003e-02 -8.009701669022384340e-02 -3.275892586903241671e-02
-4.286101706308111797e-02 -8.007081980756818040e-02 -3.272166563539533057e-02
-4.280135449267420678e-02 -8.005021839883358359e-02 -3.269561737844023375e-02
-4.274268019512138250e-02 -8.003429076906574957e-02 -3.268116080783439736e-02
-4.268481797836634617e-02 -8.002188595759698875e-02 -3.267776570821571969e-02
-4.262759934475758572e-02 -8.001172216503264767e-02 -3.268409587079484924e-02
-4.257088391914345959e-02 -8.000249051493542318e-02 -3.269816852844018712e-02
-4.251457487499513133e-02 -7.999295598914536731e-02 -3.271755247174359255e-02
-4.245863380404342469e-02 -7.998203377389767610e-02 -3.273959109358764996e-02
-4.240308956985876232e-02 -7.996885112159307640e-02 -3.276162138889236047e-02
-4.234803439646965539e-02 -7.995279941649835465e-02 -3.278117689219572917e-02
-4.229361885130143717e-02 -7.993355733245627315e-02 -3.279616410575795366e-02
-4.224003973300105574e-02 -7.991109556342555764e-02 -3.280499642004468946e-02
-4.218752646657270011e-02 -7.988565232961607199e-02 -3.280668341904775104e-02
-4.213632927382718329e-02 -7.985768371725060488e-02 -3.280086647699285984e-02
-4.208669303545087975e-02 -7.982782784354189309e-02 -3.278779537191431337e-02
-4.203884377632882002e-02 -7.979683046850315209e-02 -3.276827537783513766e-02
-4.199297997984936109e-02 -7.976547167227540647e-02 -3.274356321143710030e-02
-4.194924752808038698e-02 -7.973452278259995918e-02 -3.271523496231418249e-02
-4.190773894100406627e-02 -7.970467303532460801e-02 -3.268505112043044308e-02
-4.186849467057979224e-02 -7.967647276691737501e-02 -3.265480718492603379e-02
-4.183149168141235552e-02 -7.965032081479284098e-02 -3.262618672517633711e-02
-4.179664596283944045e-02 -7.962644740604576943e-02 -3.260064563568696588e-02
-4.176383157862359474e-02 -7.960488732629150688e-02 -3.257932316778380799e-02
-4.173288699686164560e-02 -7.958549820098509420e-02 -3.256296936456112151e-02
-4.170362104351250931e-02 -7.956799296013677969e-02 -3.255191498449531984e-02
-4.167582816894599418e-02 -7.955197299469572714e-02 -3.254607651941378993e-02
-4.164930094483653561e-02 -7.953696612141802902e-02 -3.254499434731053520e-02
-4.162384620823036951e-02 -7.952246019150246981e-02 -3.254789535519393706e-02
-4.159928787278984602e-02 -7.950795985082609318e-02 -3.255376833467438918e-02
-4.157547403885986786e-02 -7.949302326839846611e-02 -3.256146294194738056e-02
-4.155228941041658880e-02 -7.947728188964761631e-02 -3.256978876995317990e-02
-4.152965395033805795e-02 -7.946046888105395833e-02 -3.257760561364698992e-02
-4.150751858923493187e-02 -7.944244158796846811e-02 -3.258390477389621481e-02
-4.148586143130417181e-02 -7.942318688960529893e-02 -3.258787897319852939e-02
-4.146468601802182768e-02 -7.940280793877071974e-02 -3.258897208663975864e-02
-4.144401661844696744e-02 -7.938150376283203968e-02 -3.258690331698478604e-02
-4.142388444639419354e-02 -7.935956155631571085e-02 -3.258166321117094560e-02
-4.140432211680608598e-02 -7.933732374181137748e-02 -3.257350076029862096e-02
-4.138536095101490175e-02 -7.931515543280903691e-02 -3.256288317254935755e-02
-4.136701950269126155e-02 -7.929342255495776259e-02 -3.255044363581770239e-02
-4.134930206255064272e-02 -7.927246139362617572e-02 -3.253692151193903620e-02
-4.133219702810868312e-02 -7.925255214804541315e-02 -3.252309867684799460e-02
-4.131567617237745516e-02 -7.923390235566558915e-02 -3.250973392960639086e-02
-4.129969200961711856e-02 -7.921664250845322774e-02 -3.249750480610318071e-02
-4.128417807545561868e-02 -7.920082729439920088e-02 -3.248696115170850163e-02
-4.126905975537141502e-02 -7.918642039340004213e-02 -3.247849833649157913e-02
-4.125425744750046975e-02 -7.917330905601124846e-02 -3.247232974469826255e-02
-4.123968605558664402e-02 -7.916132331284107815e-02 -3.246848470198460818e-02
-4.122526260495522343e-02 -7.915025456176932872e-02 -3.246681715204635665e-02
-4.121091049592605360e-02 -7.913987058845697864e-02 -3.246703340255233800e-02
-4.119656635173001707e-02 -7.912993290392164591e-02 -3.246872201860026563e-02
-4.118218042120674188e-02 -7.912021555175258181e-02 -3.247139480809525802e-02
-4.116772120729156326e-02 -7.911051961923451503e-02 -3.247452741307684659e-02
-4.115317260602423949e-02 -7.910069119848554819e-02 -3.247760161136301060e-02
-4.113853760427831074e-02 -7.909062288708501587e-02 -3.248014628836706080e-02
-4.112383772391341175e-02 -7.908025555019840280e-02 -3.248176893251739084e-02
-4.110910168552944777e-02 -7.906959703582717991e-02 -3.248217437550711406e-02
-4.109436661521850831e-02 -7.905870409316578806e-02 -3.248119024138407251e-02
-4.107968335268027266e-02 -7.904766037840663118e-02 -3.247876936093932465e-02
-4.106510394443937256e-02 -7.903657898909086099e-02 -3.247497930027461871e-02
-4.105067664553667395e-02 -7.902559672867068286e-02 -3.246998841677276038e-02
-4.103644268316052057e-02 -7.901486217589120953e-02 -3.246404864343265667e-02
-4.102244249289539735e-02 -7.900450409766461568e-02 -3.245747545019262575e-02
-4.100870949771696916e-02 -7.899463153459351794e-02 -3.245061038558008648e-02
-4.099525928859625024e-02 -7.898534157880757189e-02 -3.244379306855901812e-02
-4.098210074075490927e-02 -7.897669277837740531e-02 -3.243734344564506294e-02
-4.096923877083677445e-02 -7.896869830203701035e-02 -3.243153481701475938e-02
-4.095666550218456103e-02 -7.896134466849411004e-02 -3.242657067095341267e-02
-4.094436835862356322e-02 -7.895458123640533565e-02 -3.242258156686515097e-02
-4.093233280655793338e-02 -7.894832935884371627e-02 -3.241961480332594681e-02
-4.092053844180838090e-02 -7.894249564154477705e-02 -3.241763869116558866e-02
-4.090896704529126127e-02 -7.893697173007721557e-02 -3.241655188371267426e-02
-4.089760111548748633e-02 -7.893164686732284663e-02 -3.241619497873264588e-02
-4.088642926141149159e-02 -7.892640798051633877e-02 -3.241636888696807633e-02
-4.087544302095677540e-02 -7.892115851843814478e-02 -3.241684752647567419e-02
-4.086463863342433556e-02 -7.891581871919818580e-02 -3.241740271769008586e-02
-4.085401959820066098e-02 -7.891033055118426565e-02 -3.241781820721138796e-02
-4.084359208579860234e-02 -7.890466290611727884e-02 -3.241790764320413160e-02
-4.083337017196381202e-02 -7.889880326417661460e-02 -3.241752711117980301e-02
-4.082336727201428539e-02 -7.889277003179014092e-02 -3.241657909790953557e-02
-4.081360165199792583e-02 -7.888659324526986483e-02 -3.241502395288836658e-02
-4.080409213994037193e-02 -7.888032196086744441e-02 -3.241287014226533481e-02
-4.079485198739933594e-02 -7.887402090547146472e-02 -3.241017589712159863e-02
-4.078589530198736823e-02 -7.886775623089216369e-02 -3.240704045555035939e-02
-4.077723197772160912e-02 -7.886159189063132735e-02 -3.240359426496006862e-02
-4.076886766172066467e-02 -7.885558699036121499e-02 -3.239998388100992499e-02
-4.076080209431795498e-02 -7.884979090587584949e-02 -3.239636231351737672e-02
-4.075303370255346780e-02 -7.884423411528920789e-02 -3.239287625756676753e-02
-4.074555175388323847e-02 -7.883894186344808652e-02 -3.238965121570577116e-02
-4.073834247028586264e-02 -7.883392007968870185e-02 -3.238679076973929871e-02
-4.073139168339345167e-02 -7.882915632468207034e-02 -3.238436541780472661e-02
-4.072468176753187702e-02 -7.882462416566735075e-02 -3.238241083323677855e-02
-4.071819353412904630e-02 -7.882028989210509984e-02 -3.238092443449965691e-02
-4.071190416765327336e-02 -7.881611824214115880e-02 -3.237987144337703405e-02
-4.070579640193175419e-02 -7.881206157150531799e-02 -3.237919226610921908e-02
-4.069985212509118211e-02 -7.880807772023015745e-02 -3.237880246874062784e-02
-4.069405387612888558e-02 -7.880412877335707389e-02 -3.237860604828243782e-02
-4.068838819933515150e-02 -7.880018296216434459e-02 -3.237850115765422698e-02
-4.068284681539389991e-02 -7.879620961175456961e-02 -3.237839193583887804e-02
-4.067742386919286079e-02 -7.879219268757960137e-02 -3.237818746332629671e-02
-4.067211238408964535e-02 -7.878813146425697744e-02 -3.237781468467886004e-02
-4.066691378378529259e-02 -7.878402640951459590e-02 -3.237722284288779839e-02
-4.066182710586188631e-02 -7.877989476545407821e-02 -3.237638090209905145e-02
-4.065685279131193985e-02 -7.877575902127181839e-02 -3.237528392777451469e-02
-4.065199574824296391e-02 -7.877163996920051592e-02 -3.237394961782925212e-02
-4.064725773127768338e-02 -7.876756672769408274e-02 -3.237241185685863637e-02
-4.064263772002271041e-02 -7.876357305403136611e-02 -3.237071982276007454e-02
-4.063813361014482345e-02 -7.875969138101311662e-02 -3.236893418156244068e-02
-4.063374427323047239e-02 -7.875594349717877918e-02 -3.236712304763772474e-02
-4.062946888171720117e-02 -7.875234170056787109e-02 -3.236535230645588845e-02
-4.062529997341145227e-02 -7.874890190538305634e-02 -3.236367836336324216e-02
-4.062122990922667487e-02 -7.874563032531983753e-02 -3.236215128387966156e-02
-4.061725115843228123e-02 -7.874252635748318907e-02 -3.236080704365531385e-02
-4.061335453215868252e-02 -7.873958171917481985e-02 -3.235966857566605070e-02
-4.060953538805568697e-02 -7.873677416874708124e-02 -3.235874352516188157e-02
-4.060578518835507300e-02 -7.873408612940203943e-02 -3.235801996306082728e-02
-4.060209465110969917e-02 -7.873150030561124058e-02 -3.235747425061276383e-02
-4.059845889242291728e-02 -7.872899362782306842e-02 -3.235707374782439971e-02
-4.059487184982661645e-02 -7.872654801391754109e-02 -3.235677679091421982e-02
-4.059133203625224506e-02 -7.872413901308400463e-02 -3.235654121850445319e-02
-4.058783678669991568e-02 -7.872175413083454254e-02 -3.235631889363145552e-02
-4.058438107965068459e-02 -7.871938892458654746e-02 -3.235606830751724255e-02
-4.058096736036215235e-02 -7.871703439970875738e-02 -3.235575597532523717e-02
-4.057759914324150785e-02 -7.871468333740125334e-02 -3.235535657721670677e-02
-4.057427977470751818e-02 -7.871233674306993278e-02 -3.235485102782627992e-02
-4.057100892514980961e-02 -7.871000778709624779e-02 -3.235423029464103151e-02
-4.056779139546316804e-02 -7.870770317486207313e-02 -3.235350010702486151e-02
-4.056463026187695498e-02 -7.870543588118915357e-02 -3.235267185699757658e-02
-4.056152743002207350e-02 -7.870321709148167533e-02 -3.235176752964954994e-02
-4.055848547936018178e-02 -7.870105851310196798e-02 -3.235081192475264267e-02
-4.055550484874357459e-02 -7.869896978557754108e-02 -3.234983525735959931e-02
-4.055258911412273903e-02 -7.869695382437733033e-02 -3.234886726711372340e-02
-4.054973770938476857e-02 -7.869501630059126673e-02 -3.234793447958717039e-02
-4.054695099767948591e-02 -7.869315790689779266e-02 -3.234706062845736640e-02
-4.054422785964707093e-02 -7.869137860826277975e-02 -3.234626331917428432e-02
-4.054156532751522490e-02 -7.868967730617082434e-02 -3.234555439804711469e-02
-4.053896280473228558e-02 -7.868804411726731951e-02 -3.234494092809092614e-02
-4.053641710992151453e-02 -7.868647268688352958e-02 -3.234441986984276651e-02
-4.053392517230164360e-02 -7.868495267254629888e-02 -3.234398489191651210e-02
-4.053148658389128800e-02 -7.868347122834226659e-02 -3.234362282156416635e-02
-4.052909778880503522e-02 -7.868202087879735962e-02 -3.234331605286908107e-02
-4.052675840882344338e-02 -7.868059070239952213e-02 -3.234304618864364267e-02
-4.052446697454908930e-02 -7.867917477240898849e-02 -3.234279245881029746e-02
-4.052222239982822272e-02 -7.867776778605835297e-02 -3.234253659288688354e-02
-4.052002260666325018e-02 -7.867637094288031097e-02 -3.234226074259082678e-02
-4.051786934590525385e-02 -7.867497692700542444e-02 -3.234195559160867733e-02
-4.051576591937434968e-02 -7.867358200823287850e-02 -3.234161038255869980e-02
-4.051370726000876055e-02 -7.867219853650334049e-02 -3.234121763483074896e-02
-4.051169592855170115e-02 -7.867082684382661895e-02 -3.234078053844401113e-02
-4.050973494222707277e-02 -7.866946823000846301e-02 -3.234030326388438736e-02
-4.050782326624662033e-02 -7.866812969453089444e-02 -3.233979271586069626e-02
-4.050596180227376136e-02 -7.866681564938837745e-02 -3.233925941082404359e-02
-4.050415037128025919e-02 -7.866553159493699932e-02 -3.233871513902974310e-02
-4.050239023440112274e-02 -7.866427793846067495e-02 -3.233817368035286910e-02
-4.050067880175615281e-02 -7.866306269046299815e-02 -3.233764463741468920e-02
-4.049901299175612257e-02 -7.866188973237327187e-02 -3.233714081241997190e-02
-4.049739384858138530e-02 -7.866075516615386731e-02 -3.233667245805087187e-02
-4.049581736679685323e-02 -7.865966093881979204e-02 -3.233624500506974975e-02
-4.049428412400780941e-02 -7.865859817045466051e-02 -3.233586419885890739e-02
-4.049279394276349836e-02 -7.865756144610774880e-02 -3.233552807029292653e-02
-4.049134177604510332e-02 -7.865655292624494643e-02 -3.233523189467213399e-02
-4.048992300270617961e-02 -7.865557615783132228e-02 -3.233496979185288694e-02
-4.048853720966572728e-02 -7.865462258946778751e-02 -3.233473948463241876e-02
-4.048718654293619046e-02 -7.865368044956413951e-02 -3.233453328339465360e-02
-4.048586682131719017e-02 -7.865274943884634218e-02 -3.233433983650091381e-02
-4.048457593673018828e-02 -7.865182909585957671e-02 -3.233414983786743468e-02
-4.048331119082503038e-02 -7.865092268993055524e-02 -3.233395484656093749e-02
-4.048207318086496920e-02 -7.865002575816820718e-02 -3.233375154056968015e-02
-4.048086291004387993e-02 -7.864913579750106021e-02 -3.233353453826785101e-02
-4.047967770649975316e-02 -7.864825625273924592e-02 -3.233330030229024377e-02
-4.047852006029915850e-02 -7.864738319785884169e-02 -3.233304925586176493e-02
-4.047738773674720847e-02 -7.864652431601841520e-02 -3.233277916346920244e-02
-4.047627713232155450e-02 -7.864568776655951610e-02 -3.233249366748332243e-02
-4.047519228937371261e-02 -7.864486752125296465e-02 -3.233220055833793682e-02
-4.047413247230478850e-02 -7.864406616037600273e-02 -3.233190285692906507e-02
-4.047309375148163552e-02 -7.864329083900906125e-02 -3.233160518148712331e-02
-4.047207876946916361e-02 -7.864253657957412380e-02 -3.233131570991228110e-02
-4.047108787644373290e-02 -7.864180334651466042e-02 -3.233103765297216242e-02
-4.047011803361319493e-02 -7.864109532971232108e-02 -3.233077413630976865e-02
-4.046917050480881850e-02 -7.864040898544137626e-02 -3.233052945242902154e-02
-4.046824309733142166e-02 -7.863974711866353329e-02 -3.233030362428294946e-02
-4.046733603205586449e-02 -7.863910424382328235e-02 -3.233009965400040348e-02
-4.046644829862364873e-02 -7.863848092847043614e-02 -3.232991400610485400e-02
-4.046557699493012750e-02 -7.863787646730419079e-02 -3.232974633164724387e-02
-4.046472477582787469e-02 -7.863728378502417293e-02 -3.232959408200131168e-02
-4.046388867220904184e-02 -7.863670450634720199e-02 -3.232945227436005708e-02
-4.046306809431764184e-02 -7.863613725682269684e-02 -3.232931746118291455e-02
-4.046226169777296378e-02 -7.863558300146779312e-02 -3.232918554677940981e-02
-4.046146872585243415e-02 -7.863504053178010933e-02 -3.232905436615471362e-02
-4.046069084434369967e-02 -7.863450487885999263e-02 -3.232892198076876833e-02
-4.045992825407790372e-02 -7.863397446664696644e-02 -3.232878519535526546e-02
-4.045918065174150535e-02 -7.863345013216371804e-02 -3.232864145425238395e-02
-4.045844738409461877e-02 -7.863293490145981113e-02 -3.232848926758319363e-02
-4.045773022582529327e-02 -7.863242614780346917e-02 -3.232833045817719297e-02
-4.045702910787998124e-02 -7.863192634252208491e-02 -3.232816420325257400e-02
-4.045633974712600778e-02 -7.863144396536979330e-02 -3.232799148412923013e-02
-4.045566677801801236e-02 -7.863096914199586840e-02 -3.232781935159367848e-02
-4.045501064563179761e-02 -7.863050279529945619e-02 -3.232764663070882005e-02
-4.045436556485448865e-02 -7.863005440326167883e-02 -3.232747451650851145e-02
-4.045373380692952187e-02 -7.862962076090285191e-02 -3.232730800056544951e-02
-4.045311590504525878e-02 -7.862920019546916495e-02 -3.232714950851592328e-02
-4.045251141476824408e-02 -7.862879171533322664e-02 -3.232700052373727040e-02
-4.045192019005677819e-02 -7.862839462879657459e-02 -3.232686155675809636e-02
-4.045134210797962648e-02 -7.862800803460141819e-02 -3.232673289554113816e-02
-4.045077831651617412e-02 -7.862762872443289364e-02 -3.232661446191969351e-02
-4.045022619611435277e-02 -7.862726162673899788e-02 -3.232650309632068703e-02
-4.044968590571447475e-02 -7.862690347845681382e-02 -3.232640034134316026e-02
-4.044916024377556013e-02 -7.862654843910625579e-02 -3.232630445798373442e-02
-4.044864395679016039e-02 -7.862620468161810039e-02 -3.232621075869721028e-02
-4.044813676769919153e-02 -7.862587049854158350e-02 -3.232612039516048752e-02
-4.044764157128469956e-02 -7.862553965103809273e-02 -3.232603286854593416e-02
-4.044715802315507203e-02 -7.862521051519366644e-02 -3.232594593815308476e-02
-4.044668477274323409e-02 -7.862488615765188260e-02 -3.232585642989774244e-02
-4.044622170241697623e-02 -7.862456670095889499e-02 -3.232576454528182652e-02
-4.044577042339971007e-02 -7.862425043083617893e-02 -3.232566990325215495e-02
-4.044532826524224051e-02 -7.862394259236993310e-02 -3.232557122373126701e-02
-4.044489531351008749e-02 -7.862364225934437290e-02 -3.232547081601977457e-02
-4.044447230725693732e-02 -7.862334820552629999e-02 -3.232536945992835892e-02
-4.044405758865211864e-02 -7.862306242154562530e-02 -3.232526784583214519e-02
-4.044365341514906398e-02 -7.862277993179801749e-02 -3.232516851710207084e-02
-4.044326098424271682e-02 -7.862249929794164205e-02 -3.232507093030873718e-02
-4.044287683852269832e-02 -7.862222816025041250e-02 -3.232497355703929653e-02
-4.044250137973990494e-02 -7.862196585118896852e-02 -3.232487957354265168e-02
-4.044213549393789464e-02 -7.862171128074123272e-02 -3.232478976932764980e-02
-4.044177753938935777e-02 -7.862146499226538299e-02 -3.232470507637839885e-02
-4.044142870680991070e-02 -7.862122331725425461e-02 -3.232462631487816734e-02
-4.044108928753001320e-02 -7.862098425760366549e-02 -3.232455286117387472e-02
-4.044075761596255952e-02 -7.862075108500780896e-02 -3.232448252145769113e-02
-4.044043229964171260e-02 -7.862052597347937710e-02 -3.232441536883835093e-02
-4.044011480412063042e-02 -7.862030562951241586e-02 -3.232435227265306743e-02
-4.043980493642228280e-02 -7.862008909842359283e-02 -3.232429217394080373e-02
-4.043950143287178972e-02 -7.861987738005522808e-02 -3.232423382937156531e-02
-4.043920453569992135e-02 -7.861966910771789330e-02 -3.232417701449626785e-02
-4.043891389250604818e-02 -7.861946486012640067e-02 -3.232412048573758689e-02
-4.043862920908440628e-02 -7.861926436626594239e-02 -3.232406417128844134e-02
-4.043835029912425105e-02 -7.861906837337942489e-02 -3.232400722463200232e-02
-4.043807797051082731e-02 -7.861887412537382769e-02 -3.232395069663369230e-02
-4.043781246860080059e-02 -7.861868219444057004e-02 -3.232389296034114679e-02
-4.043755133348488073e-02 -7.861849673505155733e-02 -3.232383371761031465e-02
-4.043729757189944846e-02 -7.861831189023299471e-02 -3.232377542823156036e-02
-4.043704877823230126e-02 -7.861813373696360796e-02 -3.232371518479093542e-02
-4.043680423057384454e-02 -7.861796102974667744e-02 -3.232365634991694187e-02
-4.043656777025827348e-02 -7.861778800799776312e-02 -3.232359925750066809e-02
-4.043633457413334936e-02 -7.861762304598296502e-02 -3.232354160345149441e-02
-4.043610411154477391e-02 -7.861746681473232023e-02 -3.232348578202639405e-02
-4.043587943064681778e-02 -7.861731304033098278e-02 -3.232343419421784825e-02
-4.043566151998287395e-02 -7.861715861891863111e-02 -3.232338615996249720e-02
-4.043544914434471504e-02 -7.861700590214917850e-02 -3.232333960624455410e-02
-4.043524204319572796e-02 -7.861685598403941877e-02 -3.232329436513813742e-02
-4.043504024270380692e-02 -7.861671001092593314e-02 -3.232325001896483446e-02
-4.043484247243571417e-02 -7.861656983658324438e-02 -3.232320670625556114e-02
-4.043464846428365678e-02 -7.861643490074918250e-02 -3.232316508754524281e-02
-4.043445858653650637e-02 -7.861630260074969900e-02 -3.232312580975654770e-02
-4.043427228328166922e-02 -7.861617307220072903e-02 -3.232308778143828248e-02
-4.043408963074340834e-02 -7.861604501366592501e-02 -3.232305119573226915e-02
-4.043391090412915001e-02 -7.861591889810405631e-02 -3.232301481283007122e-02
-4.043373621701998322e-02 -7.861579404660730408e-02 -3.232297901523926292e-02
-4.043356676827971480e-02 -7.861566929899387046e-02 -3.232294307506155401e-02
-4.043339970662612748e-02 -7.861555042083040457e-02 -3.232290543256319260e-02
-4.043323665771726694e-02 -7.861543315579944124e-02 -3.232286889140506547e-02
-4.043307860168360302e-02 -7.861531640176974700e-02 -3.232283216808280735e-02
-4.043292084140817644e-02 -7.861520803059357521e-02 -3.232279389067340553e-02
-4.043276459365596764e-02 -7.861510499463866819e-02 -3.232275725383076254e-02
-4.043261167361511532e-02 -7.861500363565770977e-02 -3.232272286329364308e-02
-4.043246256192527949e-02 -7.861490131473289344e-02 -3.232269086101543371e-02
-4.043231551608928581e-02 -7.861480317443536592e-02 -3.232265843585007542e-02
-4.043217058051198215e-02 -7.861470829156476381e-02 -3.232262794656180771e-02
-4.043203203854685290e-02 -7.861461020486949780e-02 -3.232259976029200343e-02
-4.043189680032904104e-02 -7.861451473606780038e-02 -3.232257096444093869e-02
-4.043176442540555304e-02 -7.861442240505173151e-02 -3.232254259127225610e-02
-4.043163505687945997e-02 -7.861433389589814191e-02 -3.232251437283738260e-02
-4.043150892212335479e-02 -7.861424654982096527e-02 -3.232248791221156714e-02
-4.043138722683645159e-02 -7.861415815750445735e-02 -3.232246220613762405e-02
-4.043126718415519794e-02 -7.861407325016678271e-02 -3.232243579444563086e-02
-4.043114897275543185e-02 -7.861399167870671001e-02 -3.232240964850540549e-02
-4.043103232868702074e-02 -7.861391426374597646e-02 -3.232238383315658853e-02
-4.043091701228145041e-02 -7.861384019021278036e-02 -3.232235938058769520e-02
-4.043080480708925728e-02 -7.861376539630154925e-02 -3.232233689797817111e-02
-4.043069684591687335e-02 -7.861368719204257782e-02 -3.232231563498048216e-02
-4.043059203500250220e-02 -7.861360896155913935e-02 -3.232229314359353484e-02
-4.043048923789330229e-02 -7.861353371956499025e-02 -3.232226947303977471e-02
-4.043038985690361464e-02 -7.861345968279098706e-02 -3.232224575361210273e-02
-4.043029094297573289e-02 -7.861339277935658343e-02 -3.232222058247358198e-02
-4.043019391275648466e-02 -7.861332712227324382e-02 -3.232219805064659446e-02
-4.043010198595115706e-02 -7.861325702896955481e-02 -3.232217708955735513e-02
-4.043001120107677510e-02 -7.861318882762574622e-02 -3.232215510653618090e-02
-4.042992116947945885e-02 -7.861312464354536234e-02 -3.232213256562416204e-02
-4.042983300698416160e-02 -7.861306283303855225e-02 -3.232211106023015479e-02
-4.042974571216888247e-02 -7.861300550807473475e-02 -3.232209000966150547e-02
-4.042965902491289787e-02 -7.861295121089040272e-02 -3.232207109791521149e-02
-4.042957344301727207e-02 -7.861289919876914001e-02 -3.232205378353657232e-02
-4.042948967104526004e-02 -7.861284613422429846e-02 -3.232203921647094913e-02
-4.042941035156294438e-02 -7.861278813909375329e-02 -3.232202609468758786e-02
-4.042933305373583308e-02 -7.861273078925648528e-02 -3.232201163203932137e-02
-4.042925653901950633e-02 -7.861267795385354362e-02 -3.232199584624885491e-02
-4.042918256551554512e-02 -7.861262630097717863e-02 -3.232198088809857400e-02
-4.042911154011000208e-02 -7.861257452966911863e-02 -3.232196620172586576e-02
-4.042904262815751742e-02 -7.861252238752769461e-02 -3.232195160374867760e-02
-4.042897467487221314e-02 -7.861247267090869240e-02 -3.232193571770961699e-02
