9.231587875170677027e-02 -5.624445079645648549e-02 2.111550882269266072e-01
1.065605908066530327e-01 -4.018805757995472239e-02 2.486118205526666181e-01
-1.346460829766200906e-03 -1.829713830828759435e-02 2.494758867760408783e-01
-6.039811710133347750e-02 -2.098753046829175684e-02 1.801768316751253263e-01
-7.093757695225720583e-02 -4.735447348069178608e-02 1.086545420004476348e-01
-4.595077844617490026e-02 -7.984492207837515232e-02 4.906426897740529675e-02
2.301224455252952675e-03 -1.047768482276951740e-01 -2.148576937984914698e-04
5.713381090937870443e-02 -1.106850228087402632e-01 -4.127641581055126879e-02
1.058362981140344994e-01 -9.930961139283693562e-02 -7.213279107550255032e-02
1.411887851745699529e-01 -7.973480731420659606e-02 -9.100020016077091378e-02
1.596678715876467813e-01 -5.774616115116619486e-02 -9.824782065752760141e-02
1.633243380291731217e-01 -3.722207888144018345e-02 -9.389888334751053667e-02
1.587227289294407262e-01 -2.085879404926225048e-02 -7.855826202320594087e-02
1.517522556658384703e-01 -7.272425505557355424e-03 -5.449236484112278400e-02
1.464350716403728103e-01 5.677856841751326850e-03 -2.438857928150568039e-02
1.440586293381331817e-01 2.002026788331699725e-02 8.430985335097715416e-03
1.434180864178030146e-01 3.638941908114264739e-02 4.103277712467713612e-02
1.426967559782854333e-01 5.311576020868514353e-02 7.093954703809908502e-02
1.399814334589941367e-01 6.785187005215201350e-02 9.607459986292779530e-02
1.343924251923597768e-01 7.812900494879224111e-02 1.149225105838966310e-01
1.260304811926105106e-01 8.272144923518635895e-02 1.263707547797893738e-01
1.158140257065852080e-01 8.162895131981065533e-02 1.299865385216162350e-01
1.050110022073454108e-01 7.600000355352645731e-02 1.258545377439228563e-01
9.463884575727163351e-02 6.767132417833141012e-02 1.146794808328368276e-01
8.537420175668034017e-02 5.842100846014687543e-02 9.766761523381095600e-02
7.719693329045881902e-02 5.011674172107098701e-02 7.630974940308014876e-02
6.992892188536786735e-02 4.365472218961981288e-02 5.258634456935814411e-02
6.346911888095098375e-02 3.912043887987891322e-02 2.845310381299926208e-02
5.745924985265404850e-02 3.680458653770454780e-02 5.583438491784610026e-03
5.175529605177019155e-02 3.669325013699919341e-02 -1.441528329915836223e-02
4.656307888566982300e-02 3.833616870955072753e-02 -3.020310345055341600e-02
4.197042546835837162e-02 4.162891600234584766e-02 -4.101912425708449661e-02
3.799452371458131306e-02 4.648633577766468628e-02 -4.643473500375794316e-02
3.485523129240639811e-02 5.225589169455970018e-02 -4.634731938433372250e-02
3.249860554838775867e-02 5.859990168262167731e-02 -4.130138710311613559e-02
3.061531089471350095e-02 6.539356935398776827e-02 -3.212653596812856116e-02
2.898346038084360921e-02 7.229471712619364721e-02 -1.980307070052725327e-02
2.748076744585133818e-02 7.865212510374380850e-02 -5.383205470370432122e-03
2.604455793193316895e-02 8.383479911639837856e-02 9.887701275597633732e-03
2.449158576802203807e-02 8.763926937749751123e-02 2.470789132631288562e-02
2.271154328773093006e-02 9.002592559021507790e-02 3.796085550113964535e-02
2.072620700195337493e-02 9.092224986318925284e-02 4.880991485452250422e-02
1.861963845187178390e-02 9.030537812314533286e-02 5.664470127221049589e-02
1.646599296622077921e-02 8.829213212568751135e-02 6.110131434697532726e-02
1.441715773351371493e-02 8.497475461750771120e-02 6.211286297090525682e-02
1.267822360135992428e-02 8.046289442921919499e-02 5.983899301386096797e-02
1.136659144577979556e-02 7.512635712910301078e-02 5.459361324722956238e-02
1.054163466499719037e-02 6.945773565986231024e-02 4.692199073861334779e-02
1.028549662528238651e-02 6.385512509620169808e-02 3.756628358647230714e-02
1.063540256002041065e-02 5.865814013870242205e-02 2.734632503440665580e-02
1.156973529106872928e-02 5.415080861465178252e-02 1.708539451287289374e-02
1.304188457407704990e-02 5.050999147858772909e-02 7.558843346338865558e-03
1.501294289931400482e-02 4.776115346371383186e-02 -5.642085842689262797e-04
1.736245262855566629e-02 4.600230888392468215e-02 -6.830894388588274954e-03
1.991223873465692434e-02 4.532559271718359512e-02 -1.092244084009855350e-02
2.255706554296377925e-02 4.560585477080389416e-02 -1.265131774872756132e-02
2.517702791274970681e-02 4.666499254159599264e-02 -1.204353180854491126e-02
2.765054387833649346e-02 4.827659269371747941e-02 -9.296121173061628468e-03
2.990044167303344477e-02 5.015630112286550979e-02 -4.756733443883710138e-03
3.186448247745142515e-02 5.204443340223233877e-02 1.102115057063957591e-03
3.351188185204910519e-02 5.370265548850030463e-02 7.742605033218350440e-03
3.483882090451755759e-02 5.493723099453692860e-02 1.460285170995949747e-02
3.584923943727627571e-02 5.563089081833032939e-02 2.114180178154554182e-02
3.655095866905429258e-02 5.574512422343504137e-02 2.688580068571496534e-02
3.697166554891351264e-02 5.527055210329208379e-02 3.147482813942141522e-02
3.716168158464055321e-02 5.421698508366042807e-02 3.466576097197615614e-02
3.718620749195522546e-02 5.261317522242660305e-02 3.633797687495164686e-02
3.712854165842800758e-02 5.050685332253790349e-02 3.648294832542699900e-02
3.705943083819545486e-02 4.801455887753347529e-02 3.518622660549396847e-02
3.704962150717475144e-02 4.526977136188619494e-02 3.264026563611849285e-02
3.715270821681491975e-02 4.244310651016162950e-02 2.910279324980666327e-02
3.737699791835857877e-02 3.974711707208513495e-02 2.488898378395764874e-02
3.771457559855297820e-02 3.736707829104988360e-02 2.035715984141351492e-02
3.813287394146244735e-02 3.545657166078473865e-02 1.587116667310703791e-02
3.858327784484719830e-02 3.411914569364773303e-02 1.177370767687341627e-02
3.903496901805669772e-02 3.335299662675326321e-02 8.368412886584955176e-03
3.946323881713471871e-02 3.310726333622588530e-02 5.865621390554258754e-03
3.982456722054319304e-02 3.334265534911913520e-02 4.376654730306545060e-03
4.008449082037016109e-02 3.399808167022785876e-02 3.933711767120046630e-03
4.022540915542738987e-02 3.497229925965776587e-02 4.496018915076385389e-03
4.024027752315116613e-02 3.613667744904107415e-02 5.948056280624994772e-03
4.012033554000898200e-02 3.736869453988194562e-02 8.106871791798291732e-03
3.985648422496438498e-02 3.856286890177074850e-02 1.074649934594524257e-02
3.944805000558396224e-02 3.962417467360694612e-02 1.362386197233419506e-02
3.890363113362515363e-02 4.047114062179191923e-02 1.649682334823987517e-02
3.823839009185354271e-02 4.104356556146036838e-02 1.914046459108616205e-02
3.747512270228913617e-02 4.130235323648680235e-02 2.136323167570166812e-02
3.664698529156826950e-02 4.122334870891169317e-02 2.301892512362411006e-02
3.578872832506899138e-02 4.081337887462169189e-02 2.400729158745400216e-02
3.492965960190421576e-02 4.011483841459286687e-02 2.428214405040125812e-02
3.410772108866727548e-02 3.916798991688082154e-02 2.386038114774256119e-02
3.335697880650909108e-02 3.802976845087074204e-02 2.280108558745681802e-02
3.269297311116386301e-02 3.678635124063136391e-02 2.120255971863882136e-02
3.212233646754304728e-02 3.553196520988519125e-02 1.919894235560654083e-02
3.164253042896812695e-02 3.435572746358296625e-02 1.695064557382592804e-02
3.124210254115566965e-02 3.333594350230047187e-02 1.462775100763615520e-02
3.090040469945977072e-02 3.253622545080625539e-02 1.239769843890885584e-02
3.059396858762215149e-02 3.199696235759567908e-02 1.041311184820332969e-02
3.030261305217966938e-02 3.172580931628712908e-02 8.802275822868554575e-03
3.001142179089498485e-02 3.170271565152996129e-02 7.655485408342577701e-03
2.970736868930269267e-02 3.189229198030178736e-02 7.019388984610871671e-03
2.938809558304840419e-02 3.223352917269961537e-02 6.900671971705673105e-03
2.905341140158857610e-02 3.266548149941867624e-02 7.258836334885528443e-03
2.869765629361472475e-02 3.314019146004054672e-02 8.018559351989546641e-03
2.832032403098824758e-02 3.360678136998267174e-02 9.083798072818421998e-03
2.792292272934530570e-02 3.401572787789840235e-02 1.034383238984998461e-02
2.750716895397421757e-02 3.432399824761952351e-02 1.168122864519326523e-02
2.707590117928067308e-02 3.449784786037879414e-02 1.298103908342685200e-02
2.663740222971788113e-02 3.450724183706745107e-02 1.414092982579888760e-02
2.620825575338921187e-02 3.432326084917676490e-02 1.507555097897272760e-02
2.580355581219890074e-02 3.393935972822925001e-02 1.571488798019291325e-02
2.543667770384424459e-02 3.336723719058512505e-02 1.601535774003414250e-02
2.512241452818192444e-02 3.262951207591358732e-02 1.596097305431580515e-02
2.486885036585447656e-02 3.176527669979221924e-02 1.556194675986400863e-02
2.467894855461701814e-02 3.082138913425434487e-02 1.485483503253035020e-02
2.455095774288273969e-02 2.984670106537149273e-02 1.389824574943675575e-02
2.447882961932919960e-02 2.888766493286194087e-02 1.276687774546306567e-02
2.445749781278199614e-02 2.797629432736475907e-02 1.154635283696400956e-02
2.447913647195149381e-02 2.714106344307096533e-02 1.031940094495355925e-02
2.452990146552355699e-02 2.641139209317165670e-02 9.163133803557429319e-03
2.459865658101220362e-02 2.580292015192836227e-02 8.147621993040095323e-03
2.467680101619362104e-02 2.531608008454765135e-02 7.329057826048005972e-03
2.475915042752643153e-02 2.493455095180848943e-02 6.745420327049835366e-03
2.484194995241999215e-02 2.463422948059600104e-02 6.411026988999349654e-03
2.491969032038296797e-02 2.439235596528388852e-02 6.317759984148903045e-03
2.498896658416528346e-02 2.418296782978146195e-02 6.440689671502395665e-03
2.505033398201119560e-02 2.397393599423269447e-02 6.741264691344674501e-03
2.510737441119123559e-02 2.372956715915591069e-02 7.169238321645484205e-03
2.516524805046278096e-02 2.341597909229571270e-02 7.665663194520423718e-03
2.523045192114237861e-02 2.300417372746180189e-02 8.168036531166567374e-03
2.531132731181692450e-02 2.247066251408861778e-02 8.615570388948183903e-03
2.541887013820347957e-02 2.179544144984352227e-02 8.954077340364420198e-03
2.556434431036017085e-02 2.096679437550629313e-02 9.137181999830622237e-03
2.575504213073288168e-02 1.998775369338130076e-02 9.129205226616036312e-03
2.600297808514700701e-02 1.885523220629098384e-02 8.913620158055681961e-03
2.632169481626796259e-02 1.756854512484272435e-02 8.483811423309076116e-03
2.671590988353677795e-02 1.614413346822660827e-02 7.843088041912228692e-03
2.718879968167167704e-02 1.460281285602982662e-02 7.008975242210994071e-03
2.774124978636514222e-02 1.296732039683676750e-02 6.010451336134035524e-03
2.836409304638002477e-02 1.127494125455809001e-02 4.881720335852205404e-03
2.904509510916280721e-02 9.557372655819360366e-03 3.669147406063016752e-03
2.977183865654381770e-02 7.839600709218502023e-03 2.420598199023965211e-03
3.051583650105177403e-02 6.167432225653616922e-03 1.178417270714271926e-03
3.125551119040075043e-02 4.560190061656883148e-03 -5.120010141688221411e-06
3.198230106952236473e-02 3.008282870143551106e-03 -1.086251990383662333e-03
3.267998980489919547e-02 1.510862021298850239e-03 -2.039971005848408795e-03
3.333487599316713179e-02 6.492403447993068746e-05 -2.851949045171685293e-03
3.394161614400484361e-02 -1.344092746426439177e-03 -3.517085146546401839e-03
3.449676437272968660e-02 -2.730913722007414536e-03 -4.044219032185073122e-03
3.498829891615726218e-02 -4.090349214957484172e-03 -4.455966115021124142e-03
3.540339853957172322e-02 -5.416399057756791230e-03 -4.774374333448351028e-03
3.574397400286929982e-02 -6.733077797531401669e-03 -5.017479450765036444e-03
3.601705299293565810e-02 -8.073256123751666041e-03 -5.212774498585020372e-03
3.623180736297874904e-02 -9.469990406943887620e-03 -5.393298280946727183e-03
3.640751754991143618e-02 -1.096173613029559173e-02 -5.594600627445442745e-03
3.657329342217404550e-02 -1.259363063203445057e-02 -5.852056518266817060e-03
3.675274688098122827e-02 -1.438333367727133438e-02 -6.209573167620227943e-03
3.695080857602177360e-02 -1.630591395165297344e-02 -6.706108226766347574e-03
3.715156695237148421e-02 -1.829157494220261942e-02 -7.368264840502793470e-03
3.733205885144882941e-02 -2.027730795751389592e-02 -8.187137028359050064e-03
3.748153078693974849e-02 -2.224212738098438683e-02 -9.131459570838022441e-03
3.756706828711666585e-02 -2.413760163593026142e-02 -1.017521588564953422e-02
3.755349792434384965e-02 -2.592200612798072415e-02 -1.127457138619299484e-02
3.742395089721044232e-02 -2.757942752460049857e-02 -1.237959766657972804e-02
3.716513901807459719e-02 -2.910094375795307248e-02 -1.344207553507114489e-02
3.678992496896019843e-02 -3.052301954155301617e-02 -1.441300793394950652e-02
3.631196847933104710e-02 -3.186730898493062014e-02 -1.527224136752994982e-02
3.573703660903519708e-02 -3.313681467921850837e-02 -1.600949835996690052e-02
3.507943741283299499e-02 -3.433824444933430975e-02 -1.662255149588468678e-02
3.435088223304788579e-02 -3.548107275659338755e-02 -1.711384353103313424e-02
3.356048206677220147e-02 -3.657374091726733889e-02 -1.749650210863606253e-02
3.270271493178110445e-02 -3.760561875737830628e-02 -1.779116022028029778e-02
3.176712589567458334e-02 -3.856147932857383748e-02 -1.801694759188970582e-02
3.074788429995315570e-02 -3.944237956392361577e-02 -1.818612734133192438e-02
2.964165642700933995e-02 -4.025591722432956404e-02 -1.831379800303951227e-02
2.844354161006300286e-02 -4.100748223808346749e-02 -1.841596318730530368e-02
2.715617979451614983e-02 -4.170951780699080208e-02 -1.850687562366793923e-02
2.578697310396464715e-02 -4.237523997679813748e-02 -1.860098914553300065e-02
2.434673096117689894e-02 -4.301610448999458602e-02 -1.871211271356688910e-02
2.284780723194981822e-02 -4.363869793262320496e-02 -1.885281778349161622e-02
2.130084369089569815e-02 -4.424108882412900595e-02 -1.903304760811485447e-02
1.971725703567348345e-02 -4.482169398856205439e-02 -1.925598420198594909e-02
1.811007954186054369e-02 -4.538238194471712339e-02 -1.952012385649178061e-02
1.649053190170907124e-02 -4.592381021955105336e-02 -1.982143942060300354e-02
1.487509006134988751e-02 -4.645962592366389282e-02 -2.015037134052742596e-02
1.327685943686774533e-02 -4.699345055401660948e-02 -2.050361269887433086e-02
1.169842407160815931e-02 -4.751073335714731810e-02 -2.087703786465306549e-02
1.014601904775411755e-02 -4.800484810655333834e-02 -2.125918492641824808e-02
8.625194468912768947e-03 -4.847366189633099676e-02 -2.163777891896070255e-02
7.137206391251597198e-03 -4.891447210196359779e-02 -2.200220837284935782e-02
5.682385943165996559e-03 -4.932784165134584953e-02 -2.234280845347646344e-02
4.261387376431076575e-03 -4.971745779298378937e-02 -2.265232741094313010e-02
2.874910266959779855e-03 -5.008826071389180234e-02 -2.292668121259965747e-02
1.524353346754098518e-03 -5.044622012472601419e-02 -2.316487784869258881e-02
2.119450207199817787e-04 -5.079816174328077860e-02 -2.336875513857967004e-02
-1.059458726267558347e-03 -5.115128213294249659e-02 -2.354281419778091189e-02
-2.288689732440020962e-03 -5.150840430884062043e-02 -2.369462687206326870e-02
-3.475312977091514835e-03 -5.187124364826531386e-02 -2.383149853898763881e-02
-4.617631376106649810e-03 -5.224376516303849693e-02 -2.396022969896651270e-02
-5.714704174191695060e-03 -5.262909364664376810e-02 -2.408780258169255367e-02
-6.766024654562967020e-03 -5.302925717397739824e-02 -2.422061934778702019e-02
-7.771111156794737601e-03 -5.344529005733165278e-02 -2.436385111040171442e-02
-8.729474665982558251e-03 -5.387723600211408170e-02 -2.452109991021137955e-02
-9.640743138678437019e-03 -5.432418180620481735e-02 -2.469424744419761869e-02
-1.050479952268841381e-02 -5.478440600518239695e-02 -2.488343556257775757e-02
-1.132188121060429681e-02 -5.525559966473850976e-02 -2.508719321089319595e-02
-1.209264158715877766e-02 -5.573509306674096636e-02 -2.530267874433344763e-02
-1.281814881478213555e-02 -5.622008802078224537e-02 -2.552600064262237900e-02
-1.349985058878886909e-02 -5.670785189332873399e-02 -2.575259422194818223e-02
-1.413936182189804401e-02 -5.719622156102533578e-02 -2.597754171892743824e-02
-1.473849933196390294e-02 -5.768342620904454154e-02 -2.619618372022856218e-02
-1.529947695236793734e-02 -5.816772458136761081e-02 -2.640445846370377547e-02
-1.582476819302760379e-02 -5.864757804040952177e-02 -2.659903923901772715e-02
-1.631745315557970449e-02 -5.912091942108637505e-02 -2.677766036494924964e-02
-1.678077137009875708e-02 -5.958634953355577274e-02 -2.693860048800352652e-02
-1.721758739744254363e-02 -6.004385718903897801e-02 -2.708102483481882733e-02
-1.763062691704102986e-02 -6.049436556762499001e-02 -2.720522364456172057e-02
-1.802182710996751147e-02 -6.094039938383277732e-02 -2.731251045910464831e-02
-1.839308431127053417e-02 -6.138380233662046881e-02 -2.740587322701968503e-02
-1.874671840462825700e-02 -6.182484955957747580e-02 -2.748911792887027278e-02
-1.908468321737069595e-02 -6.226360937357912351e-02 -2.756600972894803978e-02
-1.940882523242332125e-02 -6.269995018697380185e-02 -2.764012863044781540e-02
-1.972105981684799114e-02 -6.313345918271109913e-02 -2.771471409181387041e-02
-2.002332418369616451e-02 -6.356348283956886336e-02 -2.779246016680174403e-02
-2.031763541734744882e-02 -6.398881723693758405e-02 -2.787544546658823896e-02
-2.060600354853323046e-02 -6.440784435042887224e-02 -2.796486454355772561e-02
-2.089010601367109754e-02 -6.481912728055054529e-02 -2.806091160483416627e-02
-2.117147260703750727e-02 -6.522107488250381002e-02 -2.816307373507508441e-02
-2.145147999399842770e-02 -6.561212338284107271e-02 -2.827009950362281698e-02
-2.173129800855577026e-02 -6.599076122617164586e-02 -2.838025965233571812e-02
-2.201222991287426350e-02 -6.635506715535571809e-02 -2.849154529285942428e-02
-2.229523615867849695e-02 -6.670385843571763340e-02 -2.860145497230499878e-02
-2.258077751060872176e-02 -6.703695940172943457e-02 -2.870751180933594007e-02
-2.286924770675538565e-02 -6.735446103875440682e-02 -2.880769860995677917e-02
-2.316089182094956123e-02 -6.765668510477310105e-02 -2.890050555381790121e-02
-2.345643630027220705e-02 -6.794273211007900715e-02 -2.898528576277359381e-02
-2.375675782987299312e-02 -6.821167701398322958e-02 -2.906135862578813900e-02
-2.406196084447639189e-02 -6.846428489501220349e-02 -2.912808362352201780e-02
-2.437202933206920191e-02 -6.870197089511596855e-02 -2.918552875729730003e-02
-2.468681936265879062e-02 -6.892647208968041839e-02 -2.923445757697502173e-02
-2.500576774131541002e-02 -6.913995029229197398e-02 -2.927618039286532248e-02
-2.532813323532517868e-02 -6.934426750690497743e-02 -2.931262335237547895e-02
-2.565317269376227172e-02 -6.954073732097264260e-02 -2.934598145538525049e-02
-2.598000480358236136e-02 -6.973047390755579555e-02 -2.937840188496654986e-02
-2.630775169718554962e-02 -6.991437047368040392e-02 -2.941187077118579893e-02
-2.663561536837743410e-02 -7.009309100079777477e-02 -2.944809955288069797e-02
-2.696287204702466078e-02 -7.026709930743320343e-02 -2.948841945384655244e-02
-2.728884245424123556e-02 -7.043668799855512530e-02 -2.953371148704960619e-02
-2.761286234572968637e-02 -7.060200620918413716e-02 -2.958437596906221198e-02
-2.793427151830360153e-02 -7.076307616120725008e-02 -2.964034393861177119e-02
-2.825241210463482269e-02 -7.091983179007298188e-02 -2.970111448885913441e-02
-2.856663304275251433e-02 -7.107217002736108957e-02 -2.976582643528674979e-02
-2.887631310643379995e-02 -7.121998161472090083e-02 -2.983335648329085363e-02
-2.918087814215236664e-02 -7.136318861436717620e-02 -2.990242149863569371e-02
-2.947980922706120582e-02 -7.150178242425443698e-02 -2.997168358895213949e-02
-2.977265206313546922e-02 -7.163584097950560781e-02 -3.003985361206398461e-02
-3.005902107093879477e-02 -7.176553734506561921e-02 -3.010577942943407082e-02
-3.033859533720908996e-02 -7.189114738104887548e-02 -3.016851545620469199e-02
-3.061111536102436442e-02 -7.201304344457790108e-02 -3.022737535790445684e-02
-3.087638101106510505e-02 -7.213167656963551111e-02 -3.028196189099325794e-02
-3.113424624556574913e-02 -7.224755608655847317e-02 -3.033217201623724865e-02
-3.138461361328855059e-02 -7.236122373205709779e-02 -3.037818071984633300e-02
-3.162742695094581530e-02 -7.247322832352984245e-02 -3.042040433503905711e-02
-3.186266236806098440e-02 -7.258410114497258758e-02 -3.045944974201118122e-02
-3.209032322776619178e-02 -7.269432447577015011e-02 -3.049605524236786991e-02
-3.231043707824422795e-02 -7.280430107103272319e-02 -3.053102407990231082e-02
-3.252304153588032182e-02 -7.291435608294627446e-02 -3.056515051578185746e-02
-3.272818880210011383e-02 -7.302470433681659823e-02 -3.059917084106864027e-02
-3.292594748803383264e-02 -7.313544883789349638e-02 -3.063370116345015895e-02
-3.311639572415901039e-02 -7.324658882709293717e-02 -3.066920184065280094e-02
-3.329963129336627192e-02 -7.335802248767556155e-02 -3.070595068517283088e-02
-3.347576930858123939e-02 -7.346956714325791893e-02 -3.074403507066034852e-02
-3.364495132520291254e-02 -7.358096995624513470e-02 -3.078335883147594390e-02
-3.380734497756049395e-02 -7.369193464914233771e-02 -3.082366019505068666e-02
-3.396314614466258708e-02 -7.380214430534887127e-02 -3.086454370784650486e-02
-3.411257918720295157e-02 -7.391128522856221794e-02 -3.090551972662120700e-02
-3.425589830983964690e-02 -7.401906156560968120e-02 -3.094605106419921065e-02
-3.439338390871893303e-02 -7.412521666952213983e-02 -3.098559500135205508e-02
-3.452534022954184545e-02 -7.422954010103037514e-02 -3.102364970979118799e-02
-3.465209239663029350e-02 -7.433187602317974096e-02 -3.105978764215264198e-02
-3.477397803258612530e-02 -7.443212829830656019e-02 -3.109368576916093918e-02
-3.489134285299858029e-02 -7.453025873002915025e-02 -3.112514334659344586e-02
-3.500453247303633025e-02 -7.462628164487697391e-02 -3.115409224435891286e-02
-3.511388990852906677e-02 -7.472024790207254519e-02 -3.118059546638873858e-02
-3.521974669886604459e-02 -7.481223827068779475e-02 -3.120483292085755866e-02
-3.532241809519094666e-02 -7.490234949863568137e-02 -3.122708288979016839e-02
-3.542219722312772712e-02 -7.499068670507630374e-02 -3.124769435608591023e-02
-3.551935322898287783e-02 -7.507734621626882543e-02 -3.126706165244194646e-02
-3.561413411735223078e-02 -7.516239790513842833e-02 -3.128559281688376298e-02
-3.570675993915825575e-02 -7.524588912602159230e-02 -3.130367571443644359e-02
-3.579742207259106745e-02 -7.532784294595758212e-02 -3.132165407830415221e-02
-3.588631913996165324e-02 -7.540818255308934237e-02 -3.133982420234049382e-02
-3.597363726146166757e-02 -7.548679774813701893e-02 -3.135837421366481637e-02
-3.605950844161019686e-02 -7.556362402108363074e-02 -3.137738491100555693e-02
-3.614404513131351526e-02 -7.563859867717179220e-02 -3.139685996552275815e-02
-3.622734793137167425e-02 -7.571163969844466046e-02 -3.141673847302571543e-02
-3.630949861717059496e-02 -7.578266258647670117e-02 -3.143689472347432901e-02
-3.639055662480177034e-02 -7.585159549409883906e-02 -3.145715509446765645e-02
-3.647057022423499939e-02 -7.591837928305161798e-02 -3.147731789481661435e-02
-3.654958350541161194e-02 -7.598296636070206445e-02 -3.149717461889986470e-02
-3.662763567347134680e-02 -7.604533758167927870e-02 -3.151652121326532774e-02
-3.670476038090595555e-02 -7.610550545358896191e-02 -3.153517995614537467e-02
-3.678099520976030323e-02 -7.616350064106261475e-02 -3.155301380250009197e-02
-3.685637482814008159e-02 -7.621938050191830183e-02 -3.156993062069958500e-02
-3.693092554626035973e-02 -7.627323527841926853e-02 -3.158588734150665628e-02
-3.700466714078198827e-02 -7.632517655075940488e-02 -3.160089588951517370e-02
-3.707761569643731880e-02 -7.637532370942702598e-02 -3.161501963455797676e-02
-3.714977780026162968e-02 -7.642380618136598858e-02 -3.162836226353223090e-02
-3.722114835063008997e-02 -7.647076047966146206e-02 -3.164105903540514325e-02
-3.729171269281998657e-02 -7.651632085331948330e-02 -3.165326692890040039e-02
-3.736144872353316937e-02 -7.656060913311864280e-02 -3.166515283465721337e-02
-3.743032716019961681e-02 -7.660373154845923072e-02 -3.167687864022708522e-02
-3.749831032543192444e-02 -7.664578024374599230e-02 -3.168858883007014127e-02
-3.756535395238252278e-02 -7.668683213376807639e-02 -3.170040180250743161e-02
-3.763140878373147369e-02 -7.672694880823782704e-02 -3.171240358448891572e-02
-3.769642633849107360e-02 -7.676616818572927492e-02 -3.172464627041228502e-02
-3.776033878522779691e-02 -7.680455647603610936e-02 -3.173713212955601992e-02
-3.782307159659151902e-02 -7.684217321806986745e-02 -3.174984595414115374e-02
-3.788457886328443214e-02 -7.687901828954606109e-02 -3.176275569881831934e-02
-3.794481892484866115e-02 -7.691507962722768377e-02 -3.177579453719656111e-02
-3.800375530544786162e-02 -7.695034649155411965e-02 -3.178887073447769773e-02
-3.806136495885287935e-02 -7.698480950485142582e-02 -3.180187915562734252e-02
-3.811763420382045103e-02 -7.701847094911408453e-02 -3.181470974544441804e-02
-3.817256126878119937e-02 -7.705133577701103742e-02 -3.182726080847726735e-02
-3.822614861307924161e-02 -7.708342603974649432e-02 -3.183943934195664766e-02
-3.827840039138849515e-02 -7.711477531110738637e-02 -3.185117460301204600e-02
-3.832932858255976710e-02 -7.714541853924061776e-02 -3.186241997960682221e-02
-3.837894246094421258e-02 -7.717540583695081668e-02 -3.187315156711711950e-02
-3.842725765559570905e-02 -7.720478173697406521e-02 -3.188337519872654763e-02
-3.847429113843957998e-02 -7.723359763193909933e-02 -3.189311479834236462e-02
-3.852005923456094244e-02 -7.726190571844614163e-02 -3.190241633009017336e-02
-3.856458502148886469e-02 -7.728974881285421983e-02 -3.191133996473350526e-02
-3.860788772166135613e-02 -7.731717312528446628e-02 -3.191995225446611628e-02
-3.864998835928321053e-02 -7.734421597802229598e-02 -3.192832487328477187e-02
-3.869091056184498917e-02 -7.737090257285776651e-02 -3.193652744701820645e-02
-3.873067818297533382e-02 -7.739724878575691969e-02 -3.194462109753991308e-02
-3.876931652545291540e-02 -7.742325993824034081e-02 -3.195265500316802482e-02
-3.880685184341980953e-02 -7.744893393171609075e-02 -3.196066275452980054e-02
-3.884331094604352719e-02 -7.747426298924958710e-02 -3.196866195362763757e-02
-3.887872282122098455e-02 -7.749923228977362299e-02 -3.197665494420078025e-02
-3.891311671525249372e-02 -7.752382531872092919e-02 -3.198462862692921793e-02
-3.894652374124676214e-02 -7.754802104290761666e-02 -3.199255908390133407e-02
-3.897897911104692553e-02 -7.757179274342934638e-02 -3.200041314324531677e-02
-3.901051432111098116e-02 -7.759512573778543087e-02 -3.200814762449837036e-02
-3.904116148759446264e-02 -7.761800756643250088e-02 -3.201572120946523381e-02
-3.907095980022589482e-02 -7.764041886729139419e-02 -3.202309618141763875e-02
-3.909994522973287562e-02 -7.766235195286341764e-02 -3.203023557174505820e-02
-3.912815255672535270e-02 -7.768380638283739481e-02 -3.203711120317970229e-02
-3.915561798464922000e-02 -7.770478588289961297e-02 -3.204370489277296591e-02
-3.918237926609591248e-02 -7.772529286547019689e-02 -3.205001130988972130e-02
-3.920847248844201022e-02 -7.774533719013831945e-02 -3.205603220169080114e-02
-3.923393239980234315e-02 -7.776492923985803274e-02 -3.206178190131882266e-02
-3.925879514070080428e-02 -7.778407914090877673e-02 -3.206728134287308019e-02
-3.928309080411007681e-02 -7.780280460914781870e-02 -3.207255721009892591e-02
-3.930684849224862221e-02 -7.782112227405346694e-02 -3.207764186477674029e-02
-3.933009498702635248e-02 -7.783904662868115776e-02 -3.208257068250527921e-02
-3.935285698911859809e-02 -7.785658434586757715e-02 -3.208737968506278349e-02
-3.937515683838319069e-02 -7.787374422097728677e-02 -3.209209886669929512e-02
-3.939701203447853323e-02 -7.789053662468992112e-02 -3.209675422126116728e-02
-3.941844230931259435e-02 -7.790696152672529906e-02 -3.210136836980469893e-02
-3.943946483268662151e-02 -7.792301823627331703e-02 -3.210595452728882970e-02
-3.946009250262819124e-02 -7.793870829679738765e-02 -3.211051823280974826e-02
-3.948033708074287496e-02 -7.795403238379541855e-02 -3.211505874030907981e-02
-3.950020933915099342e-02 -7.796898913688152244e-02 -3.211957041856957490e-02
-3.951971897525259625e-02 -7.798357713726139506e-02 -3.212404226192230872e-02
-3.953887521086851820e-02 -7.799779363390532683e-02 -3.212846056694662611e-02
-3.955768842790663431e-02 -7.801163439024627611e-02 -3.213280909279912084e-02
-3.957616505911050464e-02 -7.802510478138666161e-02 -3.213706854020549619e-02
-3.959431273957546293e-02 -7.803820838042624386e-02 -3.214122426607014804e-02
-3.961213786076437510e-02 -7.805095541794290770e-02 -3.214526149201338279e-02
-3.962964391125425867e-02 -7.806335943179379400e-02 -3.214917195335063177e-02
-3.964684045900419840e-02 -7.807542381553533861e-02 -3.215295366646826747e-02
-3.966373200307495711e-02 -7.808716253554831566e-02 -3.215660397883707972e-02
-3.968032123961580393e-02 -7.809859222717729921e-02 -3.216012668802151198e-02
-3.969661522500621265e-02 -7.810972298188505192e-02 -3.216353085679567875e-02
-3.971261807885961836e-02 -7.812056955787914647e-02 -3.216682621448978957e-02
-3.972833110436227444e-02 -7.813115074192884812e-02 -3.217002466248524567e-02
-3.974375682723180203e-02 -7.814148079543246916e-02 -3.217314167643101769e-02
-3.975889933304203872e-02 -7.815156807027920371e-02 -3.217619306474778229e-02
-3.977375802174734631e-02 -7.816142795731417792e-02 -3.217919016205167404e-02
-3.978833241710914154e-02 -7.817107146207907808e-02 -3.218214609072919674e-02
-3.980262269160632360e-02 -7.818050876335606858e-02 -3.218506983937070159e-02
-3.981662852821255677e-02 -7.818974538715996181e-02 -3.218797015901064124e-02
-3.983035107504868944e-02 -7.819878534408639115e-02 -3.219085002626513592e-02
-3.984379153729236678e-02 -7.820762852239815377e-02 -3.219371126357267743e-02
-3.985694998062028205e-02 -7.821628148158135674e-02 -3.219654792890706829e-02
-3.986982322784028698e-02 -7.822475373666566700e-02 -3.219935535975092938e-02
-3.988241593191377277e-02 -7.823304201604221186e-02 -3.220212966175901859e-02
-3.989472967728968644e-02 -7.824114813765575827e-02 -3.220486234504028877e-02
-3.990676434479811102e-02 -7.824907813321207994e-02 -3.220754427951874610e-02
-3.991852478295079831e-02 -7.825682995848605439e-02 -3.221016970470763630e-02
-3.993001604173268548e-02 -7.826440471859755221e-02 -3.221273022827560867e-02
-3.994123835846241644e-02 -7.827181380426068147e-02 -3.221521787742442910e-02
-3.995219502544073570e-02 -7.827906452319435826e-02 -3.221763025562649624e-02
-3.996289268338053952e-02 -7.828615794844440146e-02 -3.221996799727785271e-02
-3.997333545705943764e-02 -7.829310040036804863e-02 -3.222223056287513987e-02
-3.998352559014080321e-02 -7.829990186373292360e-02 -3.222441989442210997e-02
-3.999346951002387407e-02 -7.830656508391195536e-02 -3.222654209920652185e-02
-4.000317500728373110e-02 -7.831309052860824238e-02 -3.222860295462370850e-02
-4.001264528474625382e-02 -7.831948817060976897e-02 -3.223060573143162605e-02
-4.002188443869580947e-02 -7.832576509527845732e-02 -3.223255771556012700e-02
-4.003089820763724993e-02 -7.833192612586706294e-02 -3.223446559144395318e-02
-4.003969062490889824e-02 -7.833797554017449261e-02 -3.223633634447313490e-02
-4.004826761563753945e-02 -7.834391363710418998e-02 -3.223817584516089352e-02
-4.005663454822795677e-02 -7.834974030858168903e-02 -3.223998816600902317e-02
-4.006479693484368138e-02 -7.835545580517580544e-02 -3.224177509254737978e-02
-4.007275883689667001e-02 -7.836106339721821135e-02 -3.224353664553770982e-02
-4.008052679893035763e-02 -7.836656076547393601e-02 -3.224527391234025681e-02
-4.008810601511787752e-02 -7.837194929339046101e-02 -3.224698410856781383e-02
-4.009549972750604818e-02 -7.837723175296819333e-02 -3.224866525806517614e-02
-4.010271557778226359e-02 -7.838240318873627988e-02 -3.225031622955613908e-02
-4.010975993426224573e-02 -7.838746095238384448e-02 -3.225193321071103542e-02
-4.011663497218317942e-02 -7.839241186875738066e-02 -3.225351037405409238e-02
-4.012334594460517656e-02 -7.839725606021728799e-02 -3.225504719336185627e-02
-4.012989906109755422e-02 -7.840199425892804830e-02 -3.225654124108046084e-02
-4.013629783662470835e-02 -7.840662922727623108e-02 -3.225799196759207565e-02
-4.014254892126298963e-02 -7.841115980335366942e-02 -3.225939961001493550e-02
-4.014865723203819153e-02 -7.841558753727251307e-02 -3.226076433623902007e-02
-4.015462853735363158e-02 -7.841991324675620656e-02 -3.226208723538510903e-02
-4.016046702136161217e-02 -7.842414159176910871e-02 -3.226336907492475398e-02
-4.016617540603024256e-02 -7.842827937157251239e-02 -3.226461222113338745e-02
-4.017176013365981319e-02 -7.843232446338550823e-02 -3.226582240757822767e-02
-4.017722517540731064e-02 -7.843628001781799419e-02 -3.226700134384921648e-02
-4.018257213198764277e-02 -7.844015070273994972e-02 -3.226815262152363945e-02
-4.018780717187635243e-02 -7.844393375612940256e-02 -3.226928059430275719e-02
-4.019293144333114381e-02 -7.844763571221866072e-02 -3.227038573002997957e-02
-4.019794719664276927e-02 -7.845125863522491028e-02 -3.227147192136385623e-02
-4.020285858145890290e-02 -7.845480247382054240e-02 -3.227254103340573832e-02
-4.020766797941077719e-02 -7.845826720978091307e-02 -3.227359491252302509e-02
-4.021237918909244258e-02 -7.846165169561691854e-02 -3.227463347184243020e-02
-4.021699390416302866e-02 -7.846495784263723960e-02 -3.227565576898362709e-02
-4.022151339863185016e-02 -7.846818960259595299e-02 -3.227666017154627587e-02
-4.022594004889240571e-02 -7.847134704437702668e-02 -3.227764717954816065e-02
-4.023027818527482452e-02 -7.847442687376435244e-02 -3.227861615468041734e-02
-4.023452959940772983e-02 -7.847742992168599274e-02 -3.227956466104135724e-02
-4.023869356906525224e-02 -7.848036346016343257e-02 -3.228048941016027629e-02
-4.024277276552672838e-02 -7.848322654721730240e-02 -3.228139209491720507e-02
-4.024677115320712817e-02 -7.848601767591631417e-02 -3.228227170453636802e-02
-4.025068725127483454e-02 -7.848874370627730024e-02 -3.228312651513566556e-02
-4.025452362412821478e-02 -7.849140439213186937e-02 -3.228395833220842198e-02
-4.025828069606830761e-02 -7.849400491184335693e-02 -3.228476644345311397e-02
-4.026195806637821589e-02 -7.849654932244672090e-02 -3.228555323757528739e-02
-4.026556046244981341e-02 -7.849903291113982662e-02 -3.228632205593030824e-02
-4.026908774809999370e-02 -7.850146052525575069e-02 -3.228707202021169342e-02
-4.027254013145636913e-02 -7.850383528810300771e-02 -3.228780533664482588e-02
-4.027592233143468398e-02 -7.850615335761509939e-02 -3.228852460826511783e-02
-4.027923542509277005e-02 -7.850841729215302101e-02 -3.228922932963844417e-02
-4.028247911287455296e-02 -7.851063202906377603e-02 -3.228991966569359773e-02
-4.028565339954508912e-02 -7.851280223019344029e-02 -3.229059655685022345e-02
-4.028876175192819264e-02 -7.851492305498167235e-02 -3.229126370137910818e-02
-4.029180535357487769e-02 -7.851699588794469609e-02 -3.229191920721698195e-02
-4.029477870393407407e-02 -7.851903316005462430e-02 -3.229256133118688782e-02
-4.029768723411349812e-02 -7.852102539061152353e-02 -3.229319606172468410e-02
-4.030053553363063812e-02 -7.852296752810983271e-02 -3.229382123908650787e-02
-4.030331999836714307e-02 -7.852486764419100429e-02 -3.229443348340811648e-02
-4.030604250338835209e-02 -7.852672670268148747e-02 -3.229503299411014272e-02
-4.030870418488840395e-02 -7.852854664967240383e-02 -3.229561937801560950e-02
-4.031130717685868503e-02 -7.853032533147669136e-02 -3.229619358854957101e-02
-4.031385186618381689e-02 -7.853206543970450704e-02 -3.229675356673280401e-02
-4.031633719803059956e-02 -7.853377060511526619e-02 -3.229729950383904147e-02
-4.031876429792610739e-02 -7.853544239757809242e-02 -3.229783171337979875e-02
-4.032113658125305311e-02 -7.853707521894265353e-02 -3.229835301399164998e-02
-4.032345665249937455e-02 -7.853866846657604761e-02 -3.229886121447661518e-02
-4.032572372634470048e-02 -7.854022616854264283e-02 -3.229935572687533257e-02
-4.032794126816766772e-02 -7.854174719862672127e-02 -3.229983710081889281e-02
-4.033010903183312928e-02 -7.854323647029047561e-02 -3.230030454522142547e-02
-4.033222659735052895e-02 -7.854469801735849965e-02 -3.230075922308191239e-02
-4.033429518908258210e-02 -7.854613186261796831e-02 -3.230120338381606976e-02
-4.033631650886667502e-02 -7.854753581040282984e-02 -3.230163887108057630e-02
-4.033829234646890693e-02 -7.854890783659532194e-02 -3.230206617497798083e-02
-4.034022149766092191e-02 -7.855025340231783226e-02 -3.230248367638349771e-02
-4.034210491860167058e-02 -7.855157297701159669e-02 -3.230289355611378616e-02
-4.034394521622165081e-02 -7.855286557930898916e-02 -3.230329627808034565e-02
-4.034574277993649427e-02 -7.855413181822948343e-02 -3.230369239625873606e-02
-4.034749961227088177e-02 -7.855537052498832995e-02 -3.230408189693770998e-02
-4.034921632597159025e-02 -7.855658260155455597e-02 -3.230446427029880913e-02
-4.035089488147826364e-02 -7.855776668563532739e-02 -3.230483955155951520e-02
-4.035253452829574983e-02 -7.855892763898052189e-02 -3.230520570069120301e-02
-4.035413683886530239e-02 -7.856006341335050602e-02 -3.230556484288876068e-02
-4.035570562475262330e-02 -7.856116983329694547e-02 -3.230591648073991018e-02
-4.035723827934599439e-02 -7.856225376802827842e-02 -3.230625793415013713e-02
-4.035873321688990267e-02 -7.856332087211993775e-02 -3.230658956918924102e-02
-4.036019472902527272e-02 -7.856436381473994035e-02 -3.230691552208656003e-02
-4.036162491628418614e-02 -7.856538085762593271e-02 -3.230723410773986282e-02
-4.036302371709099557e-02 -7.856637215136545727e-02 -3.230754522652279359e-02
-4.036439335416978913e-02 -7.856733803795347415e-02 -3.230784742765769463e-02
-4.036573365388260171e-02 -7.856828147752366320e-02 -3.230814062093263772e-02
-4.036704547455598202e-02 -7.856920483867113614e-02 -3.230842469159018321e-02
-4.036832818014272212e-02 -7.857011080117440316e-02 -3.230870079091341385e-02
-4.036958311440907304e-02 -7.857099791086150087e-02 -3.230897062243838491e-02
-4.037081073844440982e-02 -7.857186567178299497e-02 -3.230923480549050680e-02
-4.037201164862967706e-02 -7.857271366234164223e-02 -3.230949374823015308e-02
-4.037318690169327401e-02 -7.857354155572168763e-02 -3.230974759818049102e-02
-4.037433805244668855e-02 -7.857434839218019329e-02 -3.230999660526426287e-02
-4.037546399639592443e-02 -7.857513954678610468e-02 -3.231023910532371257e-02
-4.037656561375231601e-02 -7.857591404796487877e-02 -3.231047756186378184e-02
-4.037764497630363242e-02 -7.857667046635963271e-02 -3.231071169568444645e-02
-4.037869891129802769e-02 -7.857741497423326171e-02 -3.231094055116325026e-02
-4.037972987140706765e-02 -7.857814286588059305e-02 -3.231116699687294758e-02
-4.038073937775200906e-02 -7.857885281454904391e-02 -3.231138987737652152e-02
