-2.017055819170221753e-01 6.801206373213093681e-02 5.434808556949423386e-03
-4.349606406429970540e-01 1.676152754483056229e-01 1.230352194505879848e-01
-5.072183269202455991e-01 5.155611399981573778e-02 1.044097874432859119e-01
-5.690462628878620865e-01 -2.310805904767923580e-02 -2.028675277097602425e-03
-6.243408306597024726e-01 -9.873933713405066981e-02 -1.299467926492673953e-01
-6.532885673857586895e-01 -1.834522447342898377e-01 -2.464876920860112897e-01
-6.488269959050827485e-01 -2.648466316943346444e-01 -3.413535745386632181e-01
-6.123177100877870149e-01 -3.280512151678666166e-01 -4.111068363620268284e-01
-5.500939277093951363e-01 -3.663146656693774261e-01 -4.533287305019826907e-01
-4.700523394632425411e-01 -3.828024253975526037e-01 -4.674250643685453066e-01
-3.825999191575766289e-01 -3.812377984441075451e-01 -4.561039280050214195e-01
-2.978331329822462292e-01 -3.640333532868533783e-01 -4.227067993155262382e-01
-2.220756656698545939e-01 -3.347933304520460118e-01 -3.697088119997505307e-01
-1.571948502724008490e-01 -2.999999011226013312e-01 -2.991444957488215151e-01
-1.027461794350247454e-01 -2.657136066592842849e-01 -2.150241603822431735e-01
-5.943401385713339286e-02 -2.326121641661436923e-01 -1.237762370127925837e-01
-2.732922572105390274e-02 -2.013742775536462304e-01 -3.121730682940277238e-02
-4.778680556168479754e-03 -1.754459586388698311e-01 5.707343475655433235e-02
8.937951556622292931e-03 -1.566508181713003878e-01 1.347609081380791163e-01
1.415449513018745414e-02 -1.454939999084365887e-01 1.964269644629591249e-01
1.226088690124953889e-02 -1.429097884068486202e-01 2.385231920690224217e-01
5.404788791542356613e-03 -1.496419133714195771e-01 2.591635774140614856e-01
-4.190069419201351841e-03 -1.650131326418841082e-01 2.578924702466875996e-01
-1.472569627812181543e-02 -1.864145234311285759e-01 2.358217848858731036e-01
-2.447260117926538039e-02 -2.109878021838939577e-01 1.960260561831540793e-01
-3.179053669189110115e-02 -2.363898487875643051e-01 1.428622786649809406e-01
-3.583603364686251125e-02 -2.601573370566205856e-01 8.121565822081965036e-02
-3.647531583440147274e-02 -2.799585513553183302e-01 1.622345233634967659e-02
-3.391524201791910886e-02 -2.942338474609252352e-01 -4.697979618845096739e-02
-2.863924516350125835e-02 -3.021146955631801023e-01 -1.038151343032773788e-01
-2.155781218733059806e-02 -3.029228790260466431e-01 -1.506367577064766095e-01
-1.381433110023756738e-02 -2.962855762569664986e-01 -1.847699535566193485e-01
-6.320288977677409811e-03 -2.828927586779507175e-01 -2.044535854680071818e-01
1.461891941607583456e-04 -2.639823223950344966e-01 -2.092740088390848130e-01
4.626439786856549954e-03 -2.405745928599487549e-01 -2.001140196096938551e-01
6.374327682763176670e-03 -2.139246607863057592e-01 -1.787161876180056175e-01
5.088513043997157717e-03 -1.858440224199501556e-01 -1.474734530020812007e-01
8.106320591034560027e-04 -1.583726717384831006e-01 -1.094016949925695620e-01
-6.183722768653412624e-03 -1.334094726720034818e-01 -6.792145255046919128e-02
-1.534825318651150336e-02 -1.126132875380535525e-01 -2.654004496938492871e-02
-2.613773272540765788e-02 -9.680771510799866808e-02 1.131485506750452841e-02
-3.813023691097409268e-02 -8.596407378136756983e-02 4.276575275906159546e-02
-5.080458991786866718e-02 -7.982494280333951586e-02 6.582360448960988819e-02
-6.363569473315021374e-02 -7.796980155545749080e-02 7.935853884034778372e-02
-7.614359159232655938e-02 -7.986666145284200546e-02 8.307731847548210924e-02
-8.788938118089456575e-02 -8.483784405617891822e-02 7.740975108715195119e-02
-9.859936708626357293e-02 -9.183093462469972545e-02 6.338719669183345840e-02
-1.080526887212097664e-01 -9.973895959555803548e-02 4.266609971953892744e-02
-1.159829188125629240e-01 -1.076838360916712034e-01 1.733658234834502959e-02
-1.222290509690493882e-01 -1.148626151253831496e-01 -1.036990871770014644e-02
-1.266988707789095392e-01 -1.206931819132449346e-01 -3.820771340777977254e-02
-1.294376929173099988e-01 -1.246232881981121643e-01 -6.418111145541957607e-02
-1.306628993137842754e-01 -1.261609866743400032e-01 -8.656269793758983311e-02
-1.305759250402982741e-01 -1.251853227707471483e-01 -1.039543345172131150e-01
-1.293539914065177099e-01 -1.219871094977835746e-01 -1.154035623784362141e-01
-1.271766599267329934e-01 -1.170895549610060510e-01 -1.205379932871831483e-01
-1.243465366351504398e-01 -1.108862764936454637e-01 -1.195812159224882432e-01
-1.212285570981871674e-01 -1.036722808643338045e-01 -1.131708792874740049e-01
-1.181025118533428342e-01 -9.590399005261181220e-02 -1.021992433745451123e-01
-1.151519184142244384e-01 -8.820517945135047944e-02 -8.779134059972155957e-02
-1.125427241729274053e-01 -8.114852243061232429e-02 -7.127826665424166763e-02
-1.104026752598148697e-01 -7.520097702859829258e-02 -5.405469330924162624e-02
-1.087599516264073363e-01 -7.076200283088046605e-02 -3.745136176099315983e-02
-1.075717121723009928e-01 -6.809269439809767510e-02 -2.266277668617693031e-02
-1.067094602527428188e-01 -6.737439420857685435e-02 -1.064193046291003059e-02
-1.060031796927233400e-01 -6.862006565011180559e-02 -2.099871837901813587e-03
-1.053057728621635269e-01 -7.162956486808863543e-02 2.555614687458409098e-03
-1.044933007970953731e-01 -7.601807633103360717e-02 3.235390883664402382e-03
-1.034634956730335897e-01 -8.133613916387510967e-02 2.010534247252390022e-04
-1.020957516495121786e-01 -8.719251651499482225e-02 -5.999200022786222233e-03
-1.003279075229562556e-01 -9.315782160166838355e-02 -1.464140319862358708e-02
-9.814259396004389180e-02 -9.881265657618801268e-02 -2.486570344570465316e-02
-9.553875621337606927e-02 -1.038037917103125651e-01 -3.574995223825105234e-02
-9.253889334004111733e-02 -1.078644157043518320e-01 -4.638413466712954653e-02
-8.919281729105890677e-02 -1.108084060650659924e-01 -5.595150414072215528e-02
-8.557832529797926302e-02 -1.125410271873542034e-01 -6.377287050095814536e-02
-8.177991906147227819e-02 -1.130815276677726577e-01 -6.934942615127275001e-02
-7.789625264113066161e-02 -1.125343318234380829e-01 -7.239474586556182700e-02
-7.402872708896435228e-02 -1.110803277656254029e-01 -7.283788933188165005e-02
-7.028657912549565734e-02 -1.089269768021282753e-01 -7.082105493354030890e-02
-6.678021880454079739e-02 -1.062962684634630450e-01 -6.665769452413247698e-02
-6.359582262546531473e-02 -1.034402138871683419e-01 -6.079079725988731364e-02
-6.080725849000467170e-02 -1.005928552288448130e-01 -5.376293301572779293e-02
-5.845914864629136315e-02 -9.798571775434167241e-02 -4.615399431137069686e-02
-5.656173168204947643e-02 -9.582256752035603342e-02 -3.855188793635531269e-02
-5.511377227687357105e-02 -9.423023885087888907e-02 -3.150935677462616408e-02
-5.408024777750415624e-02 -9.329424716568948672e-02 -2.548971263360022901e-02
-5.339449713550154658e-02 -9.306019196712475572e-02 -2.084729341278235282e-02
-5.298221908070895048e-02 -9.350299012366780627e-02 -1.781852703186456374e-02
-5.277050271743165266e-02 -9.452646165045464066e-02 -1.650684490533919219e-02
-5.268903066478290709e-02 -9.598455322277073265e-02 -1.687754304738257188e-02
-5.268391118454798794e-02 -9.768259755386932142e-02 -1.877274325053510107e-02
-5.271103980059499428e-02 -9.942561132309052363e-02 -2.191789612298129797e-02
-5.272701649202880814e-02 -1.010502176369234839e-01 -2.595921586889275712e-02
-5.270679678780522404e-02 -1.024066654897645701e-01 -3.050695022367991976e-02
-5.264122167489559967e-02 -1.033653963375923135e-01 -3.516423504539321204e-02
-5.252652231342060107e-02 -1.038410187254452388e-01 -3.955135571587825583e-02
-5.236264592582855898e-02 -1.037966895418424157e-01 -4.333812751700015509e-02
-5.215811613941642721e-02 -1.032357701944924822e-01 -4.626775588663872840e-02
-5.193150493729940115e-02 -1.021901307674898951e-01 -4.817253871516026520e-02
-5.171112840771385083e-02 -1.007142964631077831e-01 -4.897563070240699978e-02
-5.152417220953393190e-02 -9.889710934341068571e-02 -4.868510866895559008e-02
-5.139431826945738829e-02 -9.685396833230916491e-02 -4.739157474166846157e-02
-5.134348277469724664e-02 -9.470922946027941769e-02 -4.525800978636217164e-02
-5.138793155882405428e-02 -9.258622874905741984e-02 -4.250130879759850266e-02
-5.153579736700009822e-02 -9.059840406829321180e-02 -3.937134480978535245e-02
-5.178601039282677149e-02 -8.884266715871436126e-02 -3.612920313576427345e-02
-5.212922846677800481e-02 -8.739252560204445464e-02 -3.302715331982362945e-02
-5.254989675234136154e-02 -8.629300558162614210e-02 -3.029002548353449190e-02
-5.302751154994998772e-02 -8.555981766483156115e-02 -2.809953185591123476e-02
-5.353827947573884527e-02 -8.518079089056092290e-02 -2.658314533321663731e-02
-5.405595163390404523e-02 -8.512112999707023564e-02 -2.580765181550856435e-02
-5.455350870972272559e-02 -8.532764263557116036e-02 -2.577917300430724451e-02
-5.500574959199452940e-02 -8.573237287972501619e-02 -2.644734467570816414e-02
-5.539051107278276931e-02 -8.625878545634151073e-02 -2.771276237018176908e-02
-5.568989254560774427e-02 -8.682824349045736856e-02 -2.943774554427094556e-02
-5.589136726897306340e-02 -8.736612170774624153e-02 -3.145938325673478669e-02
-5.598880692333789433e-02 -8.780649971636846074e-02 -3.360374454272949118e-02
-5.598442214910299974e-02 -8.809276346458451423e-02 -3.570030744498582653e-02
-5.588913452721704089e-02 -8.817990858028332268e-02 -3.759311794915894123e-02
-5.571506646344754482e-02 -8.805097560048187610e-02 -3.914746752683436609e-02
-5.547419547134543188e-02 -8.771525343113276141e-02 -4.026400233265337719e-02
-5.518123073737690731e-02 -8.719909379578960618e-02 -4.088519234180788137e-02
-5.484919065201322025e-02 -8.654486062763805387e-02 -4.099621497436570922e-02
-5.449101543259857183e-02 -8.580084655901877577e-02 -4.062430880439495129e-02
-5.411906299481058363e-02 -8.501757964099310172e-02 -3.983169803162442402e-02
-5.374264151290140956e-02 -8.424811760529463123e-02 -3.870732235528745457e-02
-5.336960591870315573e-02 -8.354145319978303896e-02 -3.735962692906247273e-02
-5.300772652428304560e-02 -8.293643516588752873e-02 -3.590682831154685950e-02
-5.266286177824476555e-02 -8.246215277549943934e-02 -3.446561640812062510e-02
-5.233844286471378560e-02 -8.213664113104073017e-02 -3.314278075024626458e-02
-5.203502851000448709e-02 -8.196776047842535551e-02 -3.202725842477253254e-02
-5.174962526415351205e-02 -8.195391638943248791e-02 -3.118553826775592730e-02
-5.147703151954247103e-02 -8.208305318235102621e-02 -3.065880707676015698e-02
-5.121012815279103042e-02 -8.233404775408273424e-02 -3.046166987868125647e-02
-5.094102733945733708e-02 -8.267809178840633544e-02 -3.058297809777322726e-02
-5.066207416868085539e-02 -8.308125481875774931e-02 -3.098829109809377036e-02
-5.036674791392574402e-02 -8.350748327716830954e-02 -3.162399886801317561e-02
-5.005048446644076027e-02 -8.392141192034413555e-02 -3.242270134745109389e-02
-4.971190101695069363e-02 -8.428933748431172157e-02 -3.330959532408064860e-02
-4.935247523903927430e-02 -8.458283532784333092e-02 -3.420762726975784540e-02
-4.897587808429031131e-02 -8.478108162841427320e-02 -3.504377860359214614e-02
-4.858786844096312646e-02 -8.487201143520980984e-02 -3.575419532198149952e-02
-4.819412407776754032e-02 -8.485549863468791476e-02 -3.628820233380049276e-02
-4.780063555737808223e-02 -8.474021329059779062e-02 -3.661293455314209438e-02
-4.741423653926353510e-02 -8.454029389060152555e-02 -3.671453969429485514e-02
-4.704120427261872239e-02 -8.427494976013404082e-02 -3.659727384894669033e-02
-4.668706424744023531e-02 -8.396667684380643149e-02 -3.628191615093085548e-02
-4.635656638248009803e-02 -8.363922782018326507e-02 -3.580308261776049550e-02
-4.605356324049978550e-02 -8.331569108994084372e-02 -3.520559904656285488e-02
-4.578133158317102686e-02 -8.301569683683242273e-02 -3.454056672647935061e-02
-4.554260771296396448e-02 -8.275390169603821788e-02 -3.386054365751831052e-02
-4.533865817481431970e-02 -8.254080762028132012e-02 -3.321485095084203421e-02
-4.516857238145863263e-02 -8.238384061118166068e-02 -3.264606901541279582e-02
-4.502958630074592461e-02 -8.228645055796093843e-02 -3.218812992433574965e-02
-4.491778845839372591e-02 -8.224694615386907159e-02 -3.186466615174939065e-02
-4.482817146608756437e-02 -8.225901601721961887e-02 -3.168774728428676302e-02
-4.475499340932200670e-02 -8.231259819710504133e-02 -3.165770260454040669e-02
-4.469238902850827810e-02 -8.239486179959196188e-02 -3.176392409682400608e-02
-4.463503268456962825e-02 -8.249116879083734366e-02 -3.198646517101896153e-02
-4.457887451520611832e-02 -8.258570895751157770e-02 -3.229822669765525928e-02
-4.452087666568573660e-02 -8.266403595113572256e-02 -3.266691245251568398e-02
-4.445880535578091569e-02 -8.271456145421433870e-02 -3.305816316699500268e-02
-4.439226679914282103e-02 -8.272735275331222216e-02 -3.343881593768165822e-02
-4.432197210774922735e-02 -8.269596410033376588e-02 -3.377850862020811973e-02
-4.424881176299359092e-02 -8.261881023719028216e-02 -3.405193013874963093e-02
-4.417428867853505359e-02 -8.249804406117527966e-02 -3.424087022503474742e-02
-4.410029169835597007e-02 -8.233896694865758259e-02 -3.433509619870050295e-02
-4.402878500495064490e-02 -8.214943949123452993e-02 -3.433250424342375318e-02
-4.396162240491152673e-02 -8.193912439782823076e-02 -3.423867863204332895e-02
-4.390041930747412557e-02 -8.171863888139582754e-02 -3.406590994019378232e-02
-4.384645612069858894e-02 -8.149868053708984872e-02 -3.383176726992791206e-02
-4.380058062664347884e-02 -8.128923880774543975e-02 -3.355735546433247923e-02
-4.376313399763773204e-02 -8.109891196975663186e-02 -3.326543335738775531e-02
-4.373391881748635995e-02 -8.093436659476332951e-02 -3.297854011926988627e-02
-4.371220354807552055e-02 -8.079998602058589829e-02 -3.271727244037156423e-02
-4.369677033249093345e-02 -8.069771959917504400e-02 -3.249883526529729477e-02
-4.368600220648491406e-02 -8.062712579206282593e-02 -3.233596165804038247e-02
-4.367800489519622908e-02 -8.058558478518089430e-02 -3.223625572752523288e-02
-4.367074487645927761e-02 -8.056866104588741861e-02 -3.220197406504073795e-02
-4.366218840080092478e-02 -8.057058384850583621e-02 -3.223023004858547452e-02
-4.365043426616496691e-02 -8.058479131477361279e-02 -3.231358004342951840e-02
-4.363383538174543663e-02 -8.060448360408084545e-02 -3.244091806442976622e-02
-4.361109474279360049e-02 -8.062315490171710619e-02 -3.259858319261038639e-02
-4.358133097795747340e-02 -8.063506542976128788e-02 -3.277158301609024715e-02
-4.354411323215327811e-02 -8.063561999037779926e-02 -3.294483163985000712e-02
-4.349945969695828696e-02 -8.062163923443307900e-02 -3.310430558009413993e-02
-4.344781027334541218e-02 -8.059149058359259266e-02 -3.323804231290818090e-02
-4.338997199457936271e-02 -8.054509267816614693e-02 -3.333690535646088859e-02
-4.332703395887272518e-02 -8.048381293249344537e-02 -3.339507806289286618e-02
-4.326027631797490364e-02 -8.041024486170131325e-02 -3.341027501270465994e-02
-4.319106876760660935e-02 -8.032791547689852041e-02 -3.338366205511095197e-02
-4.312076506949190369e-02 -8.024094695962499801e-02 -3.331952104356544764e-02
-4.305061548529863502e-02 -8.015368172572244487e-02 -3.322470372953580803e-02
-4.298168846012889732e-02 -8.007032765476862490e-02 -3.310792235779089210e-02
-4.291481681232885148e-02 -7.999462628259343400e-02 -3.297895432535254134e-02
-4.285055897305763833e-02 -7.992960322033132448e-02 -3.284781032875294660e-02
-4.278919274081147139e-02 -7.987736221082238075e-02 -3.272396186490248576e-02
-4.273073002237563756e-02 -7.983898417169597861e-02 -3.261564458292699753e-02
-4.267493879150101310e-02 -7.981451667172267950e-02 -3.252931945252576090e-02
-4.262140652040898731e-02 -7.980301058593450292e-02 -3.246930768133599043e-02
-4.256958592194412527e-02 -7.980267719225520029e-02 -3.243760200641149227e-02
-4.251886209590142324e-02 -7.981106617198951980e-02 -3.243388840370771409e-02
-4.246862725267720740e-02 -7.982527644119873089e-02 -3.245573290065220662e-02
-4.241832935490989775e-02 -7.984221819333611747e-02 -3.249891234659278705e-02
-4.236751915232635224e-02 -7.985886274498021908e-02 -3.255786657685359742e-02
-4.231589547246270705e-02 -7.987244718332764393e-02 -3.262622735661752094e-02
-4.226332632517639659e-02 -7.988066512057012680e-02 -3.269735840021912449e-02
-4.220985272497857627e-02 -7.988180575274247963e-02 -3.276488655431808450e-02
-4.215568443204600196e-02 -7.987483616446582058e-02 -3.282317033801768202e-02
-4.210117407011439855e-02 -7.985943425383851269e-02 -3.286768212144529355e-02
-4.204679201757841739e-02 -7.983594797357515538e-02 -3.289528046115328813e-02
-4.199308193918807608e-02 -7.980532848882992969e-02 -3.290434862057527859e-02
-4.194061745378203226e-02 -7.976900878781770232e-02 -3.289481631707472792e-02
-4.188996269561407609e-02 -7.972875323822994909e-02 -3.286805544034639148e-02
-4.184162573064951346e-02 -7.968650587665163099e-02 -3.282667247706454877e-02
-4.179602865309295368e-02 -7.964421934622561983e-02 -3.277422580792591772e-02
-4.175348368271795951e-02 -7.960369996666952219e-02 -3.271488511630127327e-02
-4.171417358804410669e-02 -7.956648463310068975e-02 -3.265306655167028033e-02
-4.167814479398386507e-02 -7.953374467482433874e-02 -3.259307765536408052e-02
-4.164530844454572556e-02 -7.950622978714133593e-02 -3.253879470598474571e-02
-4.161545947666704659e-02 -7.948422650852174365e-02 -3.249340366738032171e-02
-4.158829787005485779e-02 -7.946757168511286995e-02 -3.245919895247374037e-02
-4.156344925028349069e-02 -7.945570365652993017e-02 -3.243747160098864324e-02
-4.154049814069198099e-02 -7.944773307967659126e-02 -3.242848074035818012e-02
-4.151901447617042940e-02 -7.944254141309131656e-02 -3.243150715585424448e-02
-4.149858928988196805e-02 -7.943887131435950488e-02 -3.244498148652539410e-02
-4.147885673703731457e-02 -7.943544179950820516e-02 -3.246665849199242837e-02
-4.145950957660649028e-02 -7.943105588231869074e-02 -3.249383798611696350e-02
-4.144031697072414477e-02 -7.942468368694957648e-02 -3.252360521841719809e-02
-4.142113150832456986e-02 -7.941552887584639453e-02 -3.255306993062903609e-02
-4.140188501524843384e-02 -7.940308468921099261e-02 -3.257958176090119257e-02
-4.138258425351824810e-02 -7.938714724358464370e-02 -3.260092193201761385e-02
-4.136330799220434146e-02 -7.936779808039905182e-02 -3.261544157675622113e-02
-4.134417654245964302e-02 -7.934540830412856183e-02 -3.262213716986681750e-02
-4.132533893800008351e-02 -7.932057868435149484e-02 -3.262069336631964050e-02
-4.130696288210154027e-02 -7.929406889791415503e-02 -3.261145480430965859e-02
-4.128920714874850101e-02 -7.926673996534830402e-02 -3.259535017144902375e-02
-4.127220914165723176e-02 -7.923947892395349912e-02 -3.257377952884298045e-02
-4.125606562898372076e-02 -7.921314273974530695e-02 -3.254847072291264243e-02
-4.124083166254555871e-02 -7.918847771746889697e-02 -3.252133184113430164e-02
-4.122651437410919384e-02 -7.916607837364489364e-02 -3.249428298998423975e-02
-4.121306451890500294e-02 -7.914636252477999512e-02 -3.246911041004603427e-02
-4.120039384003824912e-02 -7.912953130389852041e-02 -3.244734315019563720e-02
-4.118837547703275287e-02 -7.911558269346009864e-02 -3.243014554217267531e-02
-4.117684865354678814e-02 -7.910433532301175408e-02 -3.241825474119209433e-02
-4.116563793423347328e-02 -7.909544383241395860e-02 -3.241195881518015021e-02
-4.115456789280973193e-02 -7.908843135309061301e-02 -3.241110507555366310e-02
-4.114346934812079803e-02 -7.908274657508254646e-02 -3.241513731747787397e-02
-4.113219194440466409e-02 -7.907780673913684943e-02 -3.242317108906257045e-02
-4.112061503964924841e-02 -7.907304487162956919e-02 -3.243408177742707760e-02
-4.110865282033875079e-02 -7.906794995181348762e-02 -3.244661006301418488e-02
-4.109625835035426999e-02 -7.906210444407868465e-02 -3.245946433343528670e-02
-4.108342272210024904e-02 -7.905520759950260268e-02 -3.247142503786360629e-02
-4.107017819316639839e-02 -7.904708234237026176e-02 -3.248143189909336037e-02
-4.105658575117301923e-02 -7.903769240116269301e-02 -3.248864976367273061e-02
-4.104273128878380139e-02 -7.902712841956135992e-02 -3.249252125619047499e-02
-4.102872126148594811e-02 -7.901558572855826856e-02 -3.249278904827518355e-02
-4.101467129402638218e-02 -7.900334341852641162e-02 -3.248949278969454763e-02
-4.100069699396010486e-02 -7.899073828962575872e-02 -3.248294373432395604e-02
-4.098690221863856425e-02 -7.897814164437633178e-02 -3.247368105301546432e-02
-4.097337787529441167e-02 -7.896591525916010768e-02 -3.246242015239821782e-02
-4.096019819154902986e-02 -7.895438207996452462e-02 -3.244998136407671596e-02
-4.094741399115680441e-02 -7.894380610033124857e-02 -3.243721932022987364e-02
-4.093505055713496377e-02 -7.893438139388309072e-02 -3.242495224832227241e-02
-4.092310736781094860e-02 -7.892622087050479851e-02 -3.241390580701952739e-02
-4.091156608027220198e-02 -7.891934377287850022e-02 -3.240466499531755029e-02
-4.090039208403848520e-02 -7.891368136826079627e-02 -3.239763754380135807e-02
-4.088953567273447692e-02 -7.890909595512091146e-02 -3.239303241372862990e-02
-4.087894105316053350e-02 -7.890538694824603128e-02 -3.239086329025084310e-02
-4.086855478534516528e-02 -7.890230743534470959e-02 -3.239095817125600685e-02
-4.085832314149923095e-02 -7.889959774904320433e-02 -3.239298352313664531e-02
-4.084820165846947404e-02 -7.889699667089386526e-02 -3.239648599146316421e-02
-4.083815784428759810e-02 -7.889426361227418194e-02 -3.240093282796166485e-02
-4.082817216035886099e-02 -7.889119381137607578e-02 -3.240576050937692132e-02
-4.081824460176049219e-02 -7.888762180992854589e-02 -3.241042031344931740e-02
-4.080838669606352831e-02 -7.888344576459692392e-02 -3.241441345837751259e-02
-4.079861963459477381e-02 -7.887862980513191125e-02 -3.241733068339379409e-02
-4.078897929772921926e-02 -7.887318947670016178e-02 -3.241887963899797026e-02
-4.077950784080772856e-02 -7.886719452243398654e-02 -3.241889461255455934e-02
-4.077024862171677033e-02 -7.886076091990827652e-02 -3.241734186572485521e-02
-4.076124638025033220e-02 -7.885403282455082097e-02 -3.241431424949139939e-02
-4.075254253537601012e-02 -7.884717105693635208e-02 -3.241001368056024845e-02
-4.074417231437764408e-02 -7.884033874255633179e-02 -3.240472823539750080e-02
-4.073615818004902578e-02 -7.883369871201661994e-02 -3.239880109733139779e-02
-4.072851554748853353e-02 -7.882738307548622925e-02 -3.239260902149952714e-02
-4.072124850259903339e-02 -7.882149837795841829e-02 -3.238652030161286860e-02
-4.071434420991654202e-02 -7.881612152416569983e-02 -3.238087424552305721e-02
-4.070778689644988235e-02 -7.881127900564530164e-02 -3.237595770490796915e-02
-4.070155215701827534e-02 -7.880695710373718244e-02 -3.237198302608701450e-02
-4.069560530632823636e-02 -7.880311668306760886e-02 -3.236907408835509870e-02
-4.068990817939967253e-02 -7.879968735227818599e-02 -3.236727082671514433e-02
-4.068442236221399277e-02 -7.879657826671954135e-02 -3.236652678197739913e-02
-4.067911121268312502e-02 -7.879367944176993155e-02 -3.236672412956430323e-02
-4.067394215902744165e-02 -7.879087905713730300e-02 -3.236767972315377634e-02
-4.066888484888023930e-02 -7.878807172496937739e-02 -3.236916987593286416e-02
-4.066391747953247704e-02 -7.878516514107522517e-02 -3.237094632209890077e-02
-4.065901958342795636e-02 -7.878209484126919016e-02 -3.237275911964616198e-02
-4.065418360549580973e-02 -7.877880812814108680e-02 -3.237438016623948173e-02
-4.064940888435943089e-02 -7.877527748355400705e-02 -3.237561209833297871e-02
-4.064469794840706168e-02 -7.877150455746938229e-02 -3.237630291737420701e-02
-4.064005841376223949e-02 -7.876751624168026877e-02 -3.237635467488388097e-02
-4.063550021704953608e-02 -7.876336113683572726e-02 -3.237572838412435677e-02
-4.063103761419302462e-02 -7.875909755916064847e-02 -3.237444354850073369e-02
-4.062668417525987230e-02 -7.875479470699757456e-02 -3.237256902220372878e-02
-4.062245051926254014e-02 -7.875052740172391874e-02 -3.237021578068612071e-02
-4.061834312351324944e-02 -7.874637249045354781e-02 -3.236752459517834579e-02
-4.061436819915584251e-02 -7.874239019139733786e-02 -3.236465822429924338e-02
-4.061052741532475419e-02 -7.873863227968805334e-02 -3.236177874449749220e-02
-4.060681548068512114e-02 -7.873513677988726311e-02 -3.235904151786963417e-02
-4.060322527303873025e-02 -7.873192452930838359e-02 -3.235658012073124729e-02
-4.059974227172895300e-02 -7.872900400873972249e-02 -3.235449996267662082e-02
-4.059635473441700060e-02 -7.872635687857071352e-02 -3.235287421531442276e-02
-4.059304800605750829e-02 -7.872395308070953557e-02 -3.235173453889296502e-02
-4.058980429776917753e-02 -7.872175560758565283e-02 -3.235107414333253384e-02
-4.058660879290341278e-02 -7.871971665771979043e-02 -3.235085264540733807e-02
-4.058344866024786446e-02 -7.871778423454425799e-02 -3.235099983589404676e-02
-4.058031203785156249e-02 -7.871590960717983476e-02 -3.235142245459922405e-02
-4.057719042682363109e-02 -7.871404696109610133e-02 -3.235201493497372183e-02
-4.057407898624128262e-02 -7.871215761943453626e-02 -3.235266674920758700e-02
-4.057097376136876987e-02 -7.871021679849225794e-02 -3.235327106315813439e-02
-4.056787694470047334e-02 -7.870820381880699879e-02 -3.235373613001812226e-02
-4.056479376206171411e-02 -7.870611042348951703e-02 -3.235398588761526778e-02
-4.056172989288386876e-02 -7.870394126426606685e-02 -3.235396748221784635e-02
-4.055869307398929369e-02 -7.870171245177422226e-02 -3.235365229116793362e-02
-4.055569083750264897e-02 -7.869944861610493614e-02 -3.235303881395296816e-02
-4.055273470685342302e-02 -7.869717244907387110e-02 -3.235215078135694755e-02
-4.054983151779600198e-02 -7.869491796564326291e-02 -3.235102838243707202e-02
-4.054698919846291827e-02 -7.869271226293549082e-02 -3.234973208215324858e-02
-4.054421510963895220e-02 -7.869058223035507726e-02 -3.234832836186880833e-02
-4.054151005388459406e-02 -7.868855596281079667e-02 -3.234688910501533343e-02
-4.053887671843614537e-02 -7.868665036847558025e-02 -3.234548575272414017e-02
-4.053631560189796534e-02 -7.868487336554912115e-02 -3.234418330464194913e-02
-4.053382518456515038e-02 -7.868322671092012333e-02 -3.234303335584224476e-02
-4.053139995491844561e-02 -7.868170909634797372e-02 -3.234207275987203978e-02
-4.052903671316772372e-02 -7.868030624172396570e-02 -3.234132428987412239e-02
-4.052672842108442919e-02 -7.867900621142415174e-02 -3.234079014695911275e-02
-4.052446892178530879e-02 -7.867778769411903905e-02 -3.234046107823023569e-02
-4.052225766975553478e-02 -7.867661952347787535e-02 -3.234031231494167991e-02
-4.052008758066161231e-02 -7.867548343161194502e-02 -3.234030347523132037e-02
-4.051795443278823072e-02 -7.867435893793731094e-02 -3.234039059631763080e-02
-4.051585781629335470e-02 -7.867322516850387693e-02 -3.234052581360674639e-02
-4.051379607024875595e-02 -7.867206804555651467e-02 -3.234066101244361530e-02
-4.051176565503915306e-02 -7.867088560425668231e-02 -3.234075047005967318e-02
-4.050976796002478397e-02 -7.866967005942716862e-02 -3.234076178800169427e-02
-4.050780759210254045e-02 -7.866841714429954890e-02 -3.234066771511719812e-02
-4.050588399496480446e-02 -7.866713546214040842e-02 -3.234045085086174887e-02
-4.050400250488058601e-02 -7.866582927734502850e-02 -3.234010746218354132e-02
-4.050216639008768355e-02 -7.866451124411076579e-02 -3.233964161353454492e-02
-4.050037931805959557e-02 -7.866319290298376399e-02 -3.233906943037858500e-02
-4.049864364626142021e-02 -7.866189093601529125e-02 -3.233841181759819494e-02
-4.049696045186589044e-02 -7.866061869512867843e-02 -3.233769883291476299e-02
-4.049533367912752646e-02 -7.865938315968873384e-02 -3.233696199825061846e-02
-4.049375882187443432e-02 -7.865820203579063086e-02 -3.233623005106568693e-02
-4.049223392950956901e-02 -7.865708218577645294e-02 -3.233553498679199445e-02
-4.049076104929442976e-02 -7.865601867829095928e-02 -3.233490414974200811e-02
-4.048933663764547886e-02 -7.865501207097470859e-02 -3.233435461831109942e-02
-4.048795611215673385e-02 -7.865406134044343467e-02 -3.233389789897525568e-02
-4.048661646143635745e-02 -7.865316094119197132e-02 -3.233353883431502873e-02
-4.048531504768526634e-02 -7.865230096787527436e-02 -3.233327576322290314e-02
-4.048404859464539707e-02 -7.865147215404069692e-02 -3.233309863637686549e-02
-4.048281194289423540e-02 -7.865066795768124730e-02 -3.233299220128715151e-02
-4.048160256381284905e-02 -7.864987800738840185e-02 -3.233293891646377843e-02
-4.048041908452995608e-02 -7.864909144528231533e-02 -3.233291839802184681e-02
-4.047925816520646369e-02 -7.864830424378285723e-02 -3.233290791257696639e-02
-4.047811556853399273e-02 -7.864751722781958276e-02 -3.233288703585841806e-02
-4.047699293187898006e-02 -7.864672204377681775e-02 -3.233284185656172538e-02
-4.047589147518272645e-02 -7.864591580285978933e-02 -3.233275759167211771e-02
-4.047480832192234396e-02 -7.864510488068926497e-02 -3.233262371137368696e-02
-4.047374758826186025e-02 -7.864428564890436901e-02 -3.233243835930744992e-02
-4.047270968128359458e-02 -7.864346583493556087e-02 -3.233219876785496660e-02
-4.047169436556894567e-02 -7.864265167221703989e-02 -3.233191111951947555e-02
-4.047070280394763492e-02 -7.864185142802204709e-02 -3.233158246669102370e-02
-4.046973425741289682e-02 -7.864107104004537663e-02 -3.233122647351895085e-02
-4.046879237659198325e-02 -7.864031005089022752e-02 -3.233085672049564041e-02
-4.046787450254032970e-02 -7.863957666149667958e-02 -3.233048502790342171e-02
-4.046698015014280059e-02 -7.863887414214684735e-02 -3.233012509410736895e-02
-4.046611058086907464e-02 -7.863820071728033767e-02 -3.232978937706780520e-02
-4.046526252902883647e-02 -7.863756195657048420e-02 -3.232948485684945805e-02
-4.046443279542456112e-02 -7.863695944503580615e-02 -3.232921946868080876e-02
-4.046362197062805532e-02 -7.863638701816637322e-02 -3.232899823596307315e-02
-4.046282849236210177e-02 -7.863583976887908444e-02 -3.232882132145369070e-02
-4.046204985490248207e-02 -7.863531525682233847e-02 -3.232868467737572138e-02
-4.046128416375104064e-02 -7.863480977426604013e-02 -3.232858319731175822e-02
-4.046053338220384488e-02 -7.863431291722866590e-02 -3.232851076120518696e-02
-4.045979554536781320e-02 -7.863382397569521065e-02 -3.232845556232105677e-02
-4.045906758322023039e-02 -7.863334367582969220e-02 -3.232840839414448386e-02
-4.045835089944316981e-02 -7.863286683330793225e-02 -3.232836152178464317e-02
-4.045764568944745787e-02 -7.863238997701087196e-02 -3.232830707926066111e-02
-4.045695276713626859e-02 -7.863191005430530955e-02 -3.232823805470039918e-02
-4.045626987271674219e-02 -7.863143278438987360e-02 -3.232814723033263643e-02
-4.045559660065466134e-02 -7.863096000562590226e-02 -3.232803369011742756e-02
-4.045493742903211176e-02 -7.863048593361848804e-02 -3.232789871364784295e-02
-4.045428943125832510e-02 -7.863001990232551530e-02 -3.232774015610485885e-02
-4.045365364887123366e-02 -7.862956099917242647e-02 -3.232756461754320021e-02
-4.045303475999946496e-02 -7.862910576402981633e-02 -3.232737599781451698e-02
-4.045242954986109918e-02 -7.862866252346084606e-02 -3.232717742711033182e-02
-4.045183659481978861e-02 -7.862823793285315943e-02 -3.232697464033389145e-02
-4.045125730710424916e-02 -7.862783006100886041e-02 -3.232677668526479087e-02
-4.045069309621499021e-02 -7.862743671597857698e-02 -3.232658883948529016e-02
-4.045014213485901428e-02 -7.862705928951643775e-02 -3.232641502444048159e-02
-4.044960494074090196e-02 -7.862669589531455505e-02 -3.232625860014001762e-02
-4.044907970892108739e-02 -7.862634902291271155e-02 -3.232612030448123869e-02
-4.044856541173537379e-02 -7.862601804559650465e-02 -3.232600180206931378e-02
-4.044806346778904299e-02 -7.862569742753761082e-02 -3.232590344560201667e-02
-4.044757197753861416e-02 -7.862538757055695382e-02 -3.232582178147071217e-02
-4.044708890785753130e-02 -7.862508859530084604e-02 -3.232575414382541507e-02
-4.044661631114490619e-02 -7.862479339698670577e-02 -3.232569861906062908e-02
-4.044615575394448770e-02 -7.862449642484832524e-02 -3.232565037279290510e-02
-4.044570596768696374e-02 -7.862419879590860916e-02 -3.232560291497629801e-02
-4.044526394258770446e-02 -7.862390683019476745e-02 -3.232555078534998794e-02
-4.044482956632321907e-02 -7.862362016206315973e-02 -3.232549329837829111e-02
-4.044440452385281159e-02 -7.862333509896030082e-02 -3.232542933620346365e-02
-4.044398878762839322e-02 -7.862304971416753108e-02 -3.232535755640281172e-02
-4.044358158012375387e-02 -7.862276612828852929e-02 -3.232527583646430808e-02
-4.044318206361266488e-02 -7.862248678842641281e-02 -3.232518472309124646e-02
-4.044279041753423565e-02 -7.862221395042985617e-02 -3.232508535778204350e-02
-4.044240900387277571e-02 -7.862194315579251747e-02 -3.232498195231072596e-02
-4.044203921059899565e-02 -7.862167429364302906e-02 -3.232487465751945899e-02
-4.044167622840388887e-02 -7.862141755414382704e-02 -3.232476381377788477e-02
-4.044132234050505648e-02 -7.862116899202038767e-02 -3.232465564713418726e-02
-4.044097966908449804e-02 -7.862092551276313179e-02 -3.232455211902743319e-02
-4.044064545355964546e-02 -7.862069076343107532e-02 -3.232445398150374932e-02
-4.044032048344543828e-02 -7.862046278449499881e-02 -3.232436360019786542e-02
-4.044000621727036893e-02 -7.862023815114271841e-02 -3.232428208596489771e-02
-4.043970129618984499e-02 -7.862001909879341721e-02 -3.232420789471300571e-02
-4.043940354794094139e-02 -7.861980872895046879e-02 -3.232414066163565025e-02
-4.043911247597724301e-02 -7.861960690065392110e-02 -3.232408071488546836e-02
-4.043882766660042427e-02 -7.861941169169570087e-02 -3.232402811908953455e-02
-4.043854919992842523e-02 -7.861922006755517334e-02 -3.232398192285620281e-02
-4.043827649397845059e-02 -7.861903095967928690e-02 -3.232393995363425782e-02
-4.043800912626950572e-02 -7.861884403719335279e-02 -3.232390016313240605e-02
-4.043774713908811907e-02 -7.861865910341732377e-02 -3.232386073175176622e-02
-4.043748977993447818e-02 -7.861847779973482608e-02 -3.232381985456961315e-02
-4.043723868027530866e-02 -7.861829616092672057e-02 -3.232377800404016843e-02
-4.043699322534047291e-02 -7.861811651176825455e-02 -3.232373224309743887e-02
-4.043675081167350666e-02 -7.861794284386736109e-02 -3.232368248348897743e-02
-4.043651293169334138e-02 -7.861777304648870368e-02 -3.232363003895778741e-02
-4.043627965455567214e-02 -7.861760631330330651e-02 -3.232357556901222645e-02
-4.043605083846334158e-02 -7.861744290516120559e-02 -3.232351927589854901e-02
-4.043582619597226729e-02 -7.861728366484144193e-02 -3.232346186770004848e-02
-4.043560627517766431e-02 -7.861712830712158651e-02 -3.232340447054114774e-02
-4.043539265462033766e-02 -7.861697407416126659e-02 -3.232334856493798703e-02
-4.043518521580537206e-02 -7.861682232937983184e-02 -3.232329342273666112e-02
-4.043498336530058218e-02 -7.861667410145282975e-02 -3.232323988238720164e-02
-4.043478749329889460e-02 -7.861652961562107245e-02 -3.232318822822620452e-02
-4.043459447424296860e-02 -7.861639459625377468e-02 -3.232313804581087024e-02
-4.043440521878943761e-02 -7.861626511191111000e-02 -3.232309270955816688e-02
-4.043422332271408293e-02 -7.861613284985013994e-02 -3.232305299417427558e-02
-4.043404618688978269e-02 -7.861600189485631884e-02 -3.232301514786978247e-02
-4.043387103874709204e-02 -7.861587749174819839e-02 -3.232297828488785163e-02
-4.043369851565069284e-02 -7.861575916750762616e-02 -3.232294356863809476e-02
-4.043353029918916181e-02 -7.861564219051729585e-02 -3.232291228383524923e-02
-4.043336446736464640e-02 -7.861552978380408063e-02 -3.232288168143009066e-02
-4.043319915770896000e-02 -7.861542318178094124e-02 -3.232285250036911334e-02
-4.043303889598467982e-02 -7.861531335497917716e-02 -3.232282623337986299e-02
-4.043288222373654650e-02 -7.861520367414515098e-02 -3.232279893108936514e-02
-4.043272649093575255e-02 -7.861509909163352794e-02 -3.232276993194585502e-02
-4.043257326248959893e-02 -7.861499820812961614e-02 -3.232274037901451680e-02
-4.043242553068399775e-02 -7.861489408850133587e-02 -3.232271212660371706e-02
-4.043228131111543944e-02 -7.861479207969461480e-02 -3.232268108298733122e-02
-4.043213931502792624e-02 -7.861469260357392685e-02 -3.232264942673896552e-02
-4.043200190369043712e-02 -7.861459401216504272e-02 -3.232261657128260302e-02
-4.043186673623162114e-02 -7.861449903633807579e-02 -3.232258306527786840e-02
-4.043173533420136440e-02 -7.861440555395765584e-02 -3.232254967560115044e-02
-4.043160606734805262e-02 -7.861431618372771712e-02 -3.232251619200600390e-02
-4.043147886235573529e-02 -7.861423060548583530e-02 -3.232248381208889521e-02
-4.043135608456075586e-02 -7.861414356875487397e-02 -3.232245410000606639e-02
-4.043123899811119915e-02 -7.861405276683558485e-02 -3.232242583999056507e-02
-4.043112366404086333e-02 -7.861396709459736454e-02 -3.232239584852084069e-02
-4.043100898864582238e-02 -7.861388855468834369e-02 -3.232236656634115968e-02
-4.043089749026627933e-02 -7.861381257570911052e-02 -3.232233990459415507e-02
-4.043078925003969204e-02 -7.861373647534312947e-02 -3.232231607202656898e-02
-4.043068331270984611e-02 -7.861366150548942944e-02 -3.232229330165682646e-02
-4.043057861445498863e-02 -7.861358910085772256e-02 -3.232227150338556204e-02
-4.043047738635130450e-02 -7.861351547289185948e-02 -3.232225141473411834e-02
-4.043037766931047161e-02 -7.861344542720366535e-02 -3.232223058610339539e-02
-4.043027942275721071e-02 -7.861337761450722106e-02 -3.232221098521138869e-02
-4.043018552250855768e-02 -7.861330736471042191e-02 -3.232219249592339916e-02
-4.043009349759964233e-02 -7.861323859675639625e-02 -3.232217310226136175e-02
-4.043000218395331746e-02 -7.861317376973832316e-02 -3.232215276352926048e-02
-4.042991149192056571e-02 -7.861311310456770007e-02 -3.232213242868094139e-02
-4.042982247541218599e-02 -7.861305353319386624e-02 -3.232211340155928536e-02
-4.042973395190194164e-02 -7.861299724333264960e-02 -3.232209435621843929e-02
-4.042964532355610568e-02 -7.861294406784294364e-02 -3.232207650066547949e-02
-4.042955864753679934e-02 -7.861289081937306022e-02 -3.232206019469746616e-02
-4.042947430517015300e-02 -7.861283638172651689e-02 -3.232204510873116360e-02
-4.042939361274582727e-02 -7.861277913368043546e-02 -3.232203052467619991e-02
-4.042931612644823369e-02 -7.861272120404684538e-02 -3.232201497233512522e-02
-4.042924040784246636e-02 -7.861266650484816099e-02 -3.232199782192106408e-02
-4.042916508001623277e-02 -7.861261798008677137e-02 -3.232197979531503673e-02
-4.042909227699883340e-02 -7.861256952625961247e-02 -3.232196394565581277e-02
-4.042902285891739056e-02 -7.861251883335926283e-02 -3.232194890156775413e-02
-4.042895374440193257e-02 -7.861247055748468715e-02 -3.232193310230387084e-02
-4.042888524903599790e-02 -7.861242478593757910e-02 -3.232191738904348355e-02
-4.042881724800233278e-02 -7.861238241262114013e-02 -3.232190200586172735e-02
-4.042874968211794540e-02 -7.861234279456678908e-02 -3.232188794085316674e-02
-4.042868514834280225e-02 -7.861230008782840728e-02 -3.232187636780052553e-02
-4.042862431159315040e-02 -7.861225325694878863e-02 -3.232186528921827257e-02
-4.042856434405811550e-02 -7.861220868757218261e-02 -3.232185228479392963e-02
