-1.409521458634714342e-01 2.386577151426557408e-01 2.568918456186169985e-01
-3.531866103081069408e-01 2.515384276166150457e-01 3.176946689014653602e-01
-4.615346909966231981e-01 1.571123657261536688e-01 3.760446318493769757e-01
-4.975401100310503644e-01 5.343364144628613699e-02 3.607950613830769315e-01
-5.024470915624024148e-01 -5.903082793479998841e-02 3.005595463015159896e-01
-4.727672496999106300e-01 -1.702138527595688511e-01 2.018512428779712931e-01
-4.087380617507104796e-01 -2.651537025228025701e-01 7.668650653427953878e-02
-3.211391884352485238e-01 -3.323120141815922857e-01 -5.753561063163430828e-02
-2.239570456259543929e-01 -3.694481093705542785e-01 -1.823530168363458048e-01
-1.299273023917733583e-01 -3.801589864958651033e-01 -2.831080300141631256e-01
-4.897487166435328387e-02 -3.682445226836965624e-01 -3.503774053115953913e-01
1.382129582626986930e-02 -3.379455023625924648e-01 -3.789869875290283185e-01
5.859345354071482381e-02 -2.957898704455661498e-01 -3.678626625625364688e-01
8.745364068494622389e-02 -2.471856731697856802e-01 -3.213109993813044740e-01
1.034288383039003167e-01 -1.978842241269657964e-01 -2.467735929189543431e-01
1.095811137563541399e-01 -1.524140271758932519e-01 -1.547493221664411611e-01
1.069278966297269873e-01 -1.117138322732103561e-01 -5.661298530043933075e-02
9.700545069163414580e-02 -7.771094479723138215e-02 3.810934828548635106e-02
8.193605620858487870e-02 -5.329955314464197846e-02 1.216287895031385458e-01
6.366788736184930686e-02 -4.056358632428043454e-02 1.877670753017059435e-01
4.419986178465636073e-02 -4.038251859627289136e-02 2.323120414108382492e-01
2.543413822054520906e-02 -5.194864258836268123e-02 2.530957586534710035e-01
8.652158143129459744e-03 -7.229961343838137156e-02 2.499788954650689898e-01
-5.433765861731998381e-03 -9.747927082363985751e-02 2.251093854934742289e-01
-1.624012798194494900e-02 -1.242839209794907862e-01 1.826236022024504135e-01
-2.362703798642972614e-02 -1.500951808971545953e-01 1.275968419351243277e-01
-2.809267927853517990e-02 -1.724859408483126744e-01 6.544754564566689081e-02
-3.003685420732869066e-02 -1.902743184472363291e-01 1.791253623352834223e-03
-2.980430449513778168e-02 -2.028897546445178335e-01 -5.843154981267616177e-02
-2.811857994668072805e-02 -2.094669603908050903e-01 -1.112183294157567393e-01
-2.574039068893853310e-02 -2.092957565205720849e-01 -1.534030815711747708e-01
-2.322413517156991097e-02 -2.024956989103252059e-01 -1.826282593274171084e-01
-2.074253098079720248e-02 -1.904113056110975088e-01 -1.975830806817911456e-01
-1.849363374841468677e-02 -1.746137931628983508e-01 -1.984190940956283011e-01
-1.689263840198683420e-02 -1.563015334203819717e-01 -1.865070133284327802e-01
-1.645799892937008929e-02 -1.362197060531356307e-01 -1.640690282311837445e-01
-1.762456295660353583e-02 -1.151783362586178139e-01 -1.336507927021929887e-01
-2.041359922480384670e-02 -9.468481312564777652e-02 -9.793899569661217164e-02
-2.460514154157743966e-02 -7.654133322771902725e-02 -5.985874153664544339e-02
-2.990968279348550640e-02 -6.223412803628901313e-02 -2.249495287276665270e-02
-3.607994553634863433e-02 -5.246608687728864656e-02 1.117258257528720711e-02
-4.295652403846852985e-02 -4.708451209466039261e-02 3.864650582400187828e-02
-5.030481445297443899e-02 -4.565626403430424196e-02 5.827860377554212185e-02
-5.778387364564713941e-02 -4.775031292459784582e-02 6.924442441331668530e-02
-6.509768950903763174e-02 -5.282115722796833224e-02 7.142550068639008654e-02
-7.200158393411613955e-02 -6.016656309454665452e-02 6.532736821101453595e-02
-7.831050519636606477e-02 -6.889633341837653191e-02 5.200576214901904415e-02
-8.383247410912227082e-02 -7.812056466474433247e-02 3.301064243912708168e-02
-8.829305260545133871e-02 -8.719634665091902104e-02 1.024286112879899124e-02
-9.149928625187425668e-02 -9.546854802256124484e-02 -1.435294620208489060e-02
-9.341979223690491385e-02 -1.022366695580283757e-01 -3.886066614002357811e-02
-9.405778724055199880e-02 -1.070196109778069893e-01 -6.147071376941012216e-02
-9.352849638250199105e-02 -1.094740895890284754e-01 -8.065694059179624731e-02
-9.203454867970053965e-02 -1.094746543846989439e-01 -9.522677564362452829e-02
-8.972396935735649226e-02 -1.073286552539379907e-01 -1.043670497123339452e-01
-8.669587615540319536e-02 -1.036596363459288128e-01 -1.077736686801979427e-01
-8.320586865412382682e-02 -9.884856202603684028e-02 -1.057533476524925020e-01
-7.962881081451653187e-02 -9.306887048671576290e-02 -9.896434491465999628e-02
-7.620250033697981151e-02 -8.673654396445232284e-02 -8.823293005556784308e-02
-7.308131208864360184e-02 -8.043150649246591510e-02 -7.459374611086552753e-02
-7.042471993660234797e-02 -7.466955240925424175e-02 -5.926554803168012503e-02
-6.835413904866621815e-02 -6.987190548699351300e-02 -4.351367364263702964e-02
-6.687081728314028806e-02 -6.645145215286341056e-02 -2.852241789851893763e-02
-6.589949195565195095e-02 -6.469147379173681434e-02 -1.536818988197583523e-02
-6.534432443568802262e-02 -6.466881099952942469e-02 -4.930903897944312157e-03
-6.507928363540538275e-02 -6.628982212948393571e-02 2.177417570220488083e-03
-6.497462218861699279e-02 -6.932050731480049466e-02 5.653319373615704746e-03
-6.489863789428354512e-02 -7.345096793701130777e-02 5.505444728823926520e-03
-6.474825379903202671e-02 -7.829420283051818918e-02 2.016252531481833865e-03
-6.443702548649238304e-02 -8.346093982083666041e-02 -4.281326280814897606e-03
-6.389626659311255230e-02 -8.857130511810373807e-02 -1.268487825481522807e-02
-6.308438743536345927e-02 -9.328038425255463784e-02 -2.237737394639859045e-02
-6.196550250228165246e-02 -9.732307277605459217e-02 -3.250371056977256062e-02
-6.054690078476895193e-02 -1.004628784586187040e-01 -4.225428596727275055e-02
-5.887412668224317053e-02 -1.025161017119378543e-01 -5.090343269258978953e-02
-5.700311053240497694e-02 -1.034119575598511642e-01 -5.784622053243074213e-02
-5.498551730195404275e-02 -1.032222843353515079e-01 -6.264219635080267579e-02
-5.288439348818402275e-02 -1.020991908019603378e-01 -6.506589976681327603e-02
-5.080513218639726852e-02 -1.001765947220032149e-01 -6.511337127353554466e-02
-4.884936792804858707e-02 -9.763422656488576767e-02 -6.293967611040854337e-02
-4.707798054864323345e-02 -9.473693870598630384e-02 -5.884246055062702929e-02
-4.554584790613565304e-02 -9.175071711414346798e-02 -5.325723368331560653e-02
-4.430463256579757203e-02 -8.890330370727669851e-02 -4.670969018962384256e-02
-4.338966327869300810e-02 -8.637976374069884777e-02 -3.975923654742567759e-02
-4.281121363896105841e-02 -8.433130608566782871e-02 -3.294778063627830378e-02
-4.254944930551401994e-02 -8.288187455763817990e-02 -2.676334450931269066e-02
-4.256943032584234454e-02 -8.209615155954116950e-02 -2.161964749668635402e-02
-4.282478766898135947e-02 -8.197817653996662679e-02 -1.782381486797680881e-02
-4.325311819828486781e-02 -8.248520227942621186e-02 -1.555992831244243195e-02
-4.378932892642966451e-02 -8.352216356616282145e-02 -1.488691384286879721e-02
-4.437078386910384836e-02 -8.495365256855096081e-02 -1.573997852289671026e-02
-4.494322157387925509e-02 -8.661497730259437589e-02 -1.794402971359673749e-02
-4.546793781472146384e-02 -8.832270905232489366e-02 -2.123324112169986885e-02
-4.591385191311381231e-02 -8.991273192759509369e-02 -2.527034485604118252e-02
-4.625890135728383257e-02 -9.124812249810884679e-02 -2.968622783773902651e-02
-4.649742337893351951e-02 -9.221624114498670755e-02 -3.411137644036451450e-02
-4.662751708675329232e-02 -9.275278104530182421e-02 -3.819948790660741833e-02
-4.665721029165217915e-02 -9.282543626021903804e-02 -4.166121141503351111e-02
-4.660837065831968662e-02 -9.242702701171648383e-02 -4.427719227270641295e-02
-4.650577678604973092e-02 -9.158825882770046944e-02 -4.590532854903745658e-02
-4.637570371509815853e-02 -9.037618386367654577e-02 -4.648689449099785431e-02
-4.624402089011721284e-02 -8.888648657013872856e-02 -4.604777943455188455e-02
-4.613612429627801659e-02 -8.722903636452719600e-02 -4.469213261125477843e-02
-4.607411985268881210e-02 -8.551776722634545080e-02 -4.258782612213166813e-02
-4.607225611309498370e-02 -8.386685216225085726e-02 -3.994728861704285872e-02
-4.613978871546287053e-02 -8.237366757636728487e-02 -3.701167066848169707e-02
-4.628104969906739197e-02 -8.111474556116188284e-02 -3.402629959866813880e-02
-4.649212593619076600e-02 -8.014606121469294853e-02 -3.122210557330608316e-02
-4.676496449234162495e-02 -7.949668335329422575e-02 -2.879968147830896247e-02
-4.708525842290628427e-02 -7.917371698516187384e-02 -2.691496742352664576e-02
-4.743228343295419897e-02 -7.916588560334578140e-02 -2.567146113067830804e-02
-4.778293139113402171e-02 -7.943985766016514738e-02 -2.511890378347277075e-02
-4.811467255388112568e-02 -7.994153986503568787e-02 -2.525224967562631970e-02
-4.840542720319297720e-02 -8.060420019117740809e-02 -2.601451336583857771e-02
-4.863586632553636158e-02 -8.135439523427986930e-02 -2.730479704606472713e-02
-4.879132912705641534e-02 -8.211792352699798236e-02 -2.898908398652895804e-02
-4.886342985466980704e-02 -8.282436022798153608e-02 -3.091292963612216754e-02
-4.885239357689043216e-02 -8.340795495950430183e-02 -3.291492727316810973e-02
-4.876393258032978711e-02 -8.381877896572578757e-02 -3.483596104698358231e-02
-4.860589655988399593e-02 -8.402947827870368980e-02 -3.653251018854346277e-02
-4.838976560965631279e-02 -8.403210225360598085e-02 -3.788840273805856029e-02
-4.812755539044645536e-02 -8.383962624342364278e-02 -3.882138009564499448e-02
-4.783201498490155523e-02 -8.347916112272386890e-02 -3.928904954967610275e-02
-4.751724014250766071e-02 -8.298625941850526488e-02 -3.928833915408808108e-02
-4.719605431268557305e-02 -8.240450657554614089e-02 -3.885166318083961567e-02
-4.687994164588429186e-02 -8.178173615166292598e-02 -3.804214756513992629e-02
-4.657866432449804528e-02 -8.116653671444493123e-02 -3.694669706416806726e-02
-4.629892377436883866e-02 -8.060628866598539000e-02 -3.566755464236019690e-02
-4.604597909096785902e-02 -8.013889017223074784e-02 -3.431527638010031800e-02
-4.582411388696810972e-02 -7.978967869429495763e-02 -3.299797952571653648e-02
-4.563428350704967773e-02 -7.957388269849380302e-02 -3.181225546822025185e-02
-4.547527433454883611e-02 -7.949532442410037203e-02 -3.083719181551178301e-02
-4.534309535485946119e-02 -7.954923111429726412e-02 -3.012910730824160457e-02
-4.523086702132773917e-02 -7.972373845986481522e-02 -2.971987609392116175e-02
-4.513028024599331084e-02 -7.999956307614269901e-02 -2.961700573199566727e-02
-4.503261886898146660e-02 -8.035044587383727288e-02 -2.980508107024352690e-02
-4.492972457006093323e-02 -8.074516751192607755e-02 -3.024799933110786099e-02
-4.481505909574852453e-02 -8.114954887400149808e-02 -3.089309530856973809e-02
-4.468425808125682519e-02 -8.153027093671866288e-02 -3.167542756195058234e-02
-4.453498939400973161e-02 -8.185836978198648972e-02 -3.252372087713428783e-02
-4.436793023710737527e-02 -8.210987917930605284e-02 -3.336661590084809975e-02
-4.418518363621773415e-02 -8.227002300282501568e-02 -3.413724745776686859e-02
-4.398976949044259427e-02 -8.233324389409746313e-02 -3.477921420071063141e-02
-4.378643724383408931e-02 -8.230081155430177264e-02 -3.525046546592358609e-02
-4.358064309240282375e-02 -8.218055791938738697e-02 -3.552511911339075595e-02
-4.337805206587809492e-02 -8.198611143009329472e-02 -3.559405697717550610e-02
-4.318397591167913441e-02 -8.173604070061028792e-02 -3.546443533038188406e-02
-4.300326121633726850e-02 -8.145185138443621076e-02 -3.515826533463579234e-02
-4.284014650024742937e-02 -8.115583321678507267e-02 -3.470975204509672840e-02
-4.269791655071590586e-02 -8.086931773679342794e-02 -3.416174289073285741e-02
-4.257898133016482789e-02 -8.061046617969302996e-02 -3.356193260482169538e-02
-4.248456333119346451e-02 -8.039367474695566229e-02 -3.295841197233382452e-02
-4.241452594040218127e-02 -8.022890194741202907e-02 -3.239611244273302854e-02
-4.236772485723951792e-02 -8.012100179259637467e-02 -3.191355628805879474e-02
-4.234176947897840687e-02 -8.007032333751148978e-02 -3.154027988344343392e-02
-4.233302466610582016e-02 -8.007349477343714272e-02 -3.129526271891606981e-02
-4.233692222901008079e-02 -8.012375556915768415e-02 -3.118657613936890588e-02
-4.234871788996802389e-02 -8.021079310533169027e-02 -3.121176004548932223e-02
-4.236383981557323430e-02 -8.032167122891764599e-02 -3.135851917086455998e-02
-4.237833024539350985e-02 -8.044176479872883201e-02 -3.160629002707558005e-02
-4.238902872869652894e-02 -8.055654115304229645e-02 -3.192802957917376117e-02
-4.239341776302340409e-02 -8.065341072974016590e-02 -3.229275525507809691e-02
-4.238996341524563227e-02 -8.072223912925666212e-02 -3.266846514782640459e-02
-4.237814332651203275e-02 -8.075576857842997613e-02 -3.302470361005985927e-02
-4.235826712494669688e-02 -8.074998771734957781e-02 -3.333473522806436329e-02
-4.233131294134322153e-02 -8.070422464271286012e-02 -3.357730854301901879e-02
-4.229878571943374022e-02 -8.062096528177141452e-02 -3.373789200701479696e-02
-4.226256886274787350e-02 -8.050543940642126972e-02 -3.380931454255140661e-02
-4.222475493804638685e-02 -8.036504251669883414e-02 -3.379179013223847922e-02
-4.218746172700595098e-02 -8.020863500508507160e-02 -3.369237826099938382e-02
-4.215265501040803275e-02 -8.004577085249024726e-02 -3.352395448617261076e-02
-4.212198518467417246e-02 -7.988592597528916539e-02 -3.330380668790558496e-02
-4.209665531315952974e-02 -7.973779112852349971e-02 -3.305198869189500399e-02
-4.207733575154651295e-02 -7.960866684441460228e-02 -3.278958532195577064e-02
-4.206413694914808155e-02 -7.950399698450330566e-02 -3.253702126937928901e-02
-4.205661977301540511e-02 -7.942710109129784424e-02 -3.231253454936400260e-02
-4.205386438179906788e-02 -7.937905816372560486e-02 -3.213094034137557037e-02
-4.205456654407289246e-02 -7.935879551165027357e-02 -3.200272690165674450e-02
-4.205715196108934795e-02 -7.936333179695453932e-02 -3.193356149150415602e-02
-4.205992116146832493e-02 -7.938812723604260491e-02 -3.192419716601147678e-02
-4.206118050348473664e-02 -7.942754403257812346e-02 -3.197075933852760316e-02
-4.205936848994400179e-02 -7.947535591958185264e-02 -3.206536631606956428e-02
-4.205316479601486912e-02 -7.952526286710027981e-02 -3.219701679819319401e-02
-4.204157963849160934e-02 -7.957136782152737786e-02 -3.235265275803436702e-02
-4.202400639701467377e-02 -7.960860145466577831e-02 -3.251830096092478417e-02
-4.200024785238500036e-02 -7.963304196622833508e-02 -3.268021008242885661e-02
-4.197050813946956449e-02 -7.964213339716674778e-02 -3.282588416490677535e-02
-4.193535553611760225e-02 -7.963477647183675456e-02 -3.294495392703809117e-02
-4.189566383221934864e-02 -7.961130174161540340e-02 -3.302981794074377753e-02
-4.185252897044583476e-02 -7.957333967209045955e-02 -3.307602920000655977e-02
-4.180717663037469140e-02 -7.952360281531666020e-02 -3.308241030085982970e-02
-4.176087028676732371e-02 -7.946558594179563284e-02 -3.305091809239552730e-02
-4.171482178867119001e-02 -7.940323791091948025e-02 -3.298626724369267682e-02
-4.167010359904231576e-02 -7.934063116208850408e-02 -3.289537441502320830e-02
-4.162759740834423572e-02 -7.928161173249326232e-02 -3.278667971652815538e-02
-4.158794186557081968e-02 -7.922953267079094197e-02 -3.266938138135248859e-02
-4.155150356865367628e-02 -7.918703255750020320e-02 -3.255268355774307981e-02
-4.151838809685599874e-02 -7.915586073578950721e-02 -3.244509496400505011e-02
-4.148845615672044906e-02 -7.913680161206215757e-02 -3.235382403035289706e-02
-4.146135568197228949e-02 -7.912968653484390991e-02 -3.228431503279668296e-02
-4.143657044158961800e-02 -7.913347028846579034e-02 -3.223995939848196823e-02
-4.141348531045756926e-02 -7.914635572089986915e-02 -3.222198451365442667e-02
-4.139144230513543826e-02 -7.916598995229831570e-02 -3.222950752659428653e-02
-4.136979767859939178e-02 -7.918968231659917478e-02 -3.225975538786759328e-02
-4.134797781657922194e-02 -7.921462952310003025e-02 -3.230841170873739732e-02
-4.132552476344525383e-02 -7.923812787213604936e-02 -3.237006055891539225e-02
-4.130212331831595307e-02 -7.925778214159011348e-02 -3.243867313992351842e-02
-4.127761906278093473e-02 -7.927165792151631696e-02 -3.250812121413277495e-02
-4.125202734482215361e-02 -7.927839063612679427e-02 -3.257265024593732072e-02
-4.122551106035403368e-02 -7.927726619390682017e-02 -3.262729203740520612e-02
-4.119836899752241793e-02 -7.926820977604870366e-02 -3.266819831350104009e-02
-4.117100172297696870e-02 -7.925175369766428168e-02 -3.269284970863704787e-02
-4.114386825118049318e-02 -7.922895953301398175e-02 -3.270015794534487930e-02
-4.111745431004665968e-02 -7.920128723469002652e-02 -3.269045108100764041e-02
-4.109223126727210018e-02 -7.917045576670561635e-02 -3.266534666524914532e-02
-4.106861863584190114e-02 -7.913829691101437191e-02 -3.262753477141747127e-02
-4.104694961515746587e-02 -7.910661774689112247e-02 -3.258049500269652454e-02
-4.102745682075720213e-02 -7.907704831451871363e-02 -3.252818203844101003e-02
-4.101025726251374126e-02 -7.905093827577572285e-02 -3.247468121999283475e-02
-4.099534365374539469e-02 -7.902927825915592730e-02 -3.242389033567841944e-02
-4.098260085583617374e-02 -7.901263558664904652e-02 -3.237923587936106240e-02
-4.097181330971666480e-02 -7.900115249835379383e-02 -3.234343882164925077e-02
-4.096268364857294508e-02 -7.899457089396957898e-02 -3.231835682501314061e-02
-4.095486212656621050e-02 -7.899227424980202750e-02 -3.230490620439853411e-02
-4.094797322886976898e-02 -7.899336299262663119e-02 -3.230305583962959221e-02
-4.094163941713261506e-02 -7.899674997604107241e-02 -3.231189598688767595e-02
-4.093551339634941139e-02 -7.900124470593089532e-02 -3.232977413784586529e-02
-4.092929182073173910e-02 -7.900567198330368801e-02 -3.235446470667801416e-02
-4.092273355271860286e-02 -7.900895242364014415e-02 -3.238339004003881055e-02
-4.091567951323829555e-02 -7.901016932293485062e-02 -3.241383861716608944e-02
-4.090804295903117949e-02 -7.900864904390761390e-02 -3.244317748684445724e-02
-4.089981199365629039e-02 -7.900399071882660551e-02 -3.246905310860088989e-02
-4.089104801933131361e-02 -7.899606652338386770e-02 -3.248955430284494739e-02
-4.088187035536967190e-02 -7.898501882713847289e-02 -3.250332145578278820e-02
-4.087243302336642653e-02 -7.897124505579321274e-02 -3.250960974309678037e-02
-4.086291582657118615e-02 -7.895533412743932500e-02 -3.250831029269730943e-02
-4.085350636807329183e-02 -7.893801145578759060e-02 -3.249990759773890847e-02
-4.084437874078023639e-02 -7.892007762745040234e-02 -3.248540173491799854e-02
-4.083568203481698772e-02 -7.890234120314462696e-02 -3.246619364444466860e-02
-4.082752888468488273e-02 -7.888555331571860119e-02 -3.244395180992355049e-02
-4.081998597818245478e-02 -7.887036240932018827e-02 -3.242046032582156234e-02
-4.081307172878122919e-02 -7.885726475207607833e-02 -3.239748023396129412e-02
-4.080676179433395667e-02 -7.884657347336959665e-02 -3.237661180415572770e-02
-4.080098514370582991e-02 -7.883841883109829474e-02 -3.235918170347722167e-02
-4.079563778049422051e-02 -7.883274215677947561e-02 -3.234616357805458753e-02
-4.079058884101131877e-02 -7.882932148506896497e-02 -3.233812478480550118e-02
-4.078569320962172062e-02 -7.882779438837632380e-02 -3.233521575509473722e-02
-4.078080480729715657e-02 -7.882769548245201208e-02 -3.233718484074980803e-02
-4.077578700902284581e-02 -7.882849618618059662e-02 -3.234342821405986057e-02
-4.077052210975107283e-02 -7.882965473405940948e-02 -3.235305629642423741e-02
-4.076491673001753080e-02 -7.883065900974922657e-02 -3.236498570429341415e-02
-4.075891461928256299e-02 -7.883105230290801679e-02 -3.237803658205101742e-02
-4.075249180025250495e-02 -7.883047633263037812e-02 -3.239102492499164321e-02
-4.074565908711379192e-02 -7.882868448474558698e-02 -3.240285823197658344e-02
-4.073845784582940527e-02 -7.882555898990054044e-02 -3.241260832686911064e-02
-4.073095483869089428e-02 -7.882110503404629598e-02 -3.241957652652714683e-02
-4.072323989531270033e-02 -7.881543767669241252e-02 -3.242332763121495709e-02
-4.071541341827413646e-02 -7.880876903842187753e-02 -3.242370505124111957e-02
-4.070758206998413564e-02 -7.880138144632875541e-02 -3.242082249592379700e-02
-4.069984778082005872e-02 -7.879360517222364080e-02 -3.241503561580406922e-02
-4.069230285133763891e-02 -7.878578596162738590e-02 -3.240689912699556974e-02
-4.068502659255651688e-02 -7.877825139630467710e-02 -3.239711094626467752e-02
-4.067807371313376941e-02 -7.877130248550466562e-02 -3.238644266906055835e-02
-4.067147517667268897e-02 -7.876518178190866637e-02 -3.237568405567279456e-02
-4.066524652651865024e-02 -7.876004590880092415e-02 -3.236557917803364881e-02
-4.065937987136821613e-02 -7.875597257579378119e-02 -3.235676746674546328e-02
-4.065384585018891328e-02 -7.875296418922803077e-02 -3.234974278050952584e-02
-4.064859838287265825e-02 -7.875095210551814884e-02 -3.234482868086020063e-02
-4.064358422349360900e-02 -7.874979592546606233e-02 -3.234216887208486713e-02
-4.063874758543362109e-02 -7.874929930376842191e-02 -3.234172531094720721e-02
-4.063403089877972579e-02 -7.874923568305104704e-02 -3.234329223693178934e-02
-4.062937898629412348e-02 -7.874937106286913902e-02 -3.234652435652043273e-02
-4.062474971517518463e-02 -7.874946770161664333e-02 -3.235097882476667408e-02
-4.062011341910320289e-02 -7.874931212750727050e-02 -3.235614817884537031e-02
-4.061545041564409986e-02 -7.874873215654412673e-02 -3.236150801029775981e-02
-4.061075614040225712e-02 -7.874760421110613140e-02 -3.236655725878747475e-02
-4.060603946866941233e-02 -7.874585558697434762e-02 -3.237085826066171679e-02
-4.060132259848499292e-02 -7.874346714935497038e-02 -3.237406184940683218e-02
-4.059663498062852927e-02 -7.874047385988816594e-02 -3.237592945673263556e-02
-4.059201412977099521e-02 -7.873695471957492531e-02 -3.237634309996036824e-02
-4.058749754813013866e-02 -7.873303108455043109e-02 -3.237530482819459682e-02
-4.058312396622103246e-02 -7.872884518354092420e-02 -3.237293196991762601e-02
-4.057893174514823342e-02 -7.872454545722738783e-02 -3.236943751049704832e-02
-4.057494750459302024e-02 -7.872029096265685533e-02 -3.236510269412114921e-02
-4.057119039428564583e-02 -7.871622495483618365e-02 -3.236025892615307376e-02
-4.056767259446996537e-02 -7.871246588433730706e-02 -3.235525362993198900e-02
-4.056439358855797039e-02 -7.870910425511128128e-02 -3.235042398578814871e-02
-4.056134625509490166e-02 -7.870619108878755543e-02 -3.234607167424013302e-02
-4.055851120998283516e-02 -7.870374858858873723e-02 -3.234243931406792505e-02
-4.055586137830285987e-02 -7.870176459879543729e-02 -3.233970058186941277e-02
-4.055336728579784361e-02 -7.870019114860782317e-02 -3.233795111248760623e-02
-4.055099498669870184e-02 -7.869895720185385302e-02 -3.233720438375011635e-02
-4.054871293924346143e-02 -7.869796670852069465e-02 -3.233739971073344016e-02
-4.054649177503349966e-02 -7.869711563611048177e-02 -3.233840664606203036e-02
-4.054430059829539079e-02 -7.869630892963817848e-02 -3.234004165528969049e-02
-4.054211698785023521e-02 -7.869545267748007111e-02 -3.234209103098831251e-02
-4.053992730096141195e-02 -7.869446152138995232e-02 -3.234432585281463157e-02
-4.053772249900726432e-02 -7.869327176101073573e-02 -3.234651856259004171e-02
-4.053549871772028912e-02 -7.869184533538965687e-02 -3.234846148590340975e-02
-4.053325886480609735e-02 -7.869016699716044339e-02 -3.234998315575624006e-02
-4.053101079127009732e-02 -7.868824580780461875e-02 -3.235095724698348885e-02
-4.052876617087040195e-02 -7.868611071620001951e-02 -3.235131048439818940e-02
-4.052653939956733786e-02 -7.868380815761670533e-02 -3.235102268987596896e-02
-4.052434711923237620e-02 -7.868139318727468412e-02 -3.235012661584310556e-02
-4.052220483021726216e-02 -7.867893177973547814e-02 -3.234869723824781995e-02
-4.052012380462352570e-02 -7.867649509368154770e-02 -3.234684686310181773e-02
-4.051811460854473634e-02 -7.867414824781956972e-02 -3.234471361100609010e-02
-4.051618616981510212e-02 -7.867194188914027053e-02 -3.234245004530850176e-02
-4.051433777615176535e-02 -7.866992844388573380e-02 -3.234020264262094102e-02
-4.051256359906697802e-02 -7.866814297629186326e-02 -3.233811329350651242e-02
-4.051086307024635846e-02 -7.866659002367827613e-02 -3.233630352707043271e-02
-4.050922704051988787e-02 -7.866526611320169560e-02 -3.233486148429311896e-02
-4.050764244200204256e-02 -7.866415778175216145e-02 -3.233384095726795499e-02
-4.050609532463096685e-02 -7.866323946467701500e-02 -3.233326186594812773e-02
-4.050457664314867368e-02 -7.866246481686775538e-02 -3.233311270297085926e-02
-4.050307520629571612e-02 -7.866178882289005803e-02 -3.233334493747978822e-02
-4.050157432200863356e-02 -7.866117617770082560e-02 -3.233388473630285920e-02
-4.050006964876223109e-02 -7.866057275930783688e-02 -3.233464786653948708e-02
-4.049855783103971374e-02 -7.865993502987918273e-02 -3.233553241293704583e-02
-4.049703146343949789e-02 -7.865923668985463912e-02 -3.233643515725528883e-02
-4.049549289265544361e-02 -7.865845091685394475e-02 -3.233726221534399814e-02
-4.049394538409698679e-02 -7.865756444525068281e-02 -3.233793058583150914e-02
-4.049239217709428573e-02 -7.865657865181037434e-02 -3.233837530936210791e-02
-4.049083824323720243e-02 -7.865550518659067403e-02 -3.233855466729246286e-02
-4.048929318745965455e-02 -7.865435591444165653e-02 -3.233845330938911466e-02
-4.048776697513013778e-02 -7.865315059263451591e-02 -3.233807581979280393e-02
-4.048626624244378719e-02 -7.865191864607787298e-02 -3.233744739611740804e-02
-4.048479890302675993e-02 -7.865068944411887641e-02 -3.233661212405265772e-02
-4.048337236407574535e-02 -7.864949010059341106e-02 -3.233562775401457867e-02
-4.048199254445712658e-02 -7.864834467078853086e-02 -3.233455909021060171e-02
-4.048066343451382776e-02 -7.864727219790582091e-02 -3.233347310515790468e-02
-4.047938253719866875e-02 -7.864629646037937794e-02 -3.233243070373452432e-02
-4.047814735305134415e-02 -7.864542743011124215e-02 -3.233149139594836824e-02
-4.047696083359698244e-02 -7.864465561309580410e-02 -3.233070300265016711e-02
-4.047581733350658073e-02 -7.864397797882681507e-02 -3.233009308068575394e-02
-4.047470785977941299e-02 -7.864339110474519168e-02 -3.232967536786793272e-02
-4.047362788506284059e-02 -7.864287832640529108e-02 -3.232945207900317364e-02
-4.047257527784492437e-02 -7.864241407009481266e-02 -3.232941043377715595e-02
-4.047154298909214076e-02 -7.864198200217474566e-02 -3.232952050085468459e-02
-4.047052805186167335e-02 -7.864155721330284843e-02 -3.232974829824914603e-02
-4.046953027665630559e-02 -7.864111787838037881e-02 -3.233004926238725041e-02
-4.046854174693190892e-02 -7.864065979041882926e-02 -3.233037553904394290e-02
-4.046756279184904326e-02 -7.864016899175287068e-02 -3.233068727303768652e-02
-4.046659609874032892e-02 -7.863963380945131199e-02 -3.233094645238423354e-02
-4.046564100491632787e-02 -7.863905331201961890e-02 -3.233112056504132414e-02
-4.046470112618025944e-02 -7.863842559204622940e-02 -3.233118800358524697e-02
-4.046377889142199757e-02 -7.863775843331459459e-02 -3.233113442455033681e-02
-4.046287591620724433e-02 -7.863706377777923695e-02 -3.233095801291692439e-02
-4.046199645301139236e-02 -7.863635223655211781e-02 -3.233066727724671907e-02
-4.046114347940370226e-02 -7.863563580151605725e-02 -3.233027911918995995e-02
-4.046031867304804297e-02 -7.863492885129129417e-02 -3.232981581770823926e-02
-4.045952261419438756e-02 -7.863424482895550738e-02 -3.232930525585479137e-02
-4.045875749454302256e-02 -7.863359138927220049e-02 -3.232877782297441382e-02
-4.045802275192923042e-02 -7.863297763322273093e-02 -3.232826159936827426e-02
-4.045731785048752027e-02 -7.863240749005917518e-02 -3.232778363774437003e-02
-4.045664394954356924e-02 -7.863187831224965896e-02 -3.232736603849943602e-02
-4.045599538576834936e-02 -7.863139753960794731e-02 -3.232702114168535534e-02
-4.045536869290805582e-02 -7.863096201810379493e-02 -3.232676111454266255e-02
-4.045476317612756167e-02 -7.863056303396062652e-02 -3.232658884687416440e-02
-4.045417275026356313e-02 -7.863019666355484938e-02 -3.232649995209990745e-02
-4.045359553933093599e-02 -7.862985139228872988e-02 -3.232648600340110034e-02
-4.045302862997983417e-02 -7.862951867252353233e-02 -3.232653180860657616e-02
-4.045247021490466083e-02 -7.862918837115387416e-02 -3.232662026712884717e-02
-4.045191985440114990e-02 -7.862885190164459193e-02 -3.232673107978502325e-02
-4.045137655306962898e-02 -7.862850335976598326e-02 -3.232684437999219090e-02
-4.045084077868687372e-02 -7.862813835568785437e-02 -3.232694130119339454e-02
-4.045031071089331270e-02 -7.862775939232097278e-02 -3.232700518427956971e-02
-4.044978714487070665e-02 -7.862736557721147768e-02 -3.232702592706575978e-02
-4.044927112868761804e-02 -7.862695862684987436e-02 -3.232699593298647700e-02
-4.044876228105508120e-02 -7.862654316473677296e-02 -3.232691276678129055e-02
-4.044826335154241143e-02 -7.862612024345147499e-02 -3.232677910542475219e-02
-4.044777551774798863e-02 -7.862569527623665400e-02 -3.232659961994723691e-02
-4.044729863298805739e-02 -7.862527652586689952e-02 -3.232638256590684295e-02
-4.044683254030481678e-02 -7.862487238579279891e-02 -3.232613929258722901e-02
-4.044637965866054036e-02 -7.862448323971096831e-02 -3.232588495597848999e-02
-4.044594083115742034e-02 -7.862411229551219405e-02 -3.232563105711667301e-02
-4.044551198802691372e-02 -7.862376896391046199e-02 -3.232538841655858974e-02
-4.044509370461606829e-02 -7.862345225680807126e-02 -3.232516998905253514e-02
-4.044468674417329990e-02 -7.862315916160451945e-02 -3.232498433222467937e-02
-4.044429158047479350e-02 -7.862288393851030177e-02 -3.232483723369940221e-02
-4.044390802441158450e-02 -7.862262378232313942e-02 -3.232472855955216551e-02
-4.044353119625698767e-02 -7.862238406725047257e-02 -3.232465511397628055e-02
-4.044315961144802352e-02 -7.862216263809074235e-02 -3.232461551820504930e-02
-4.044279401047312650e-02 -7.862195186391537916e-02 -3.232460600426872305e-02
-4.044243383710731388e-02 -7.862174505215785425e-02 -3.232461946769428496e-02
-4.044208017300250646e-02 -7.862153369525506919e-02 -3.232464746177824561e-02
-4.044172933267405068e-02 -7.862132304113403358e-02 -3.232467699372245512e-02
-4.044137966704171305e-02 -7.862111308859787151e-02 -3.232470220781594877e-02
-4.044103667240393774e-02 -7.862089358603686906e-02 -3.232471801858777943e-02
-4.044069934153315254e-02 -7.862066594810609987e-02 -3.232471621988549509e-02
-4.044036608062489407e-02 -7.862043444108186840e-02 -3.232469185215584156e-02
-4.044004014269927255e-02 -7.862019517618196174e-02 -3.232464494435446228e-02
-4.043972137268845440e-02 -7.861995310267229364e-02 -3.232457291418253803e-02
-4.043940738172789595e-02 -7.861971501114106697e-02 -3.232447816117930972e-02
-4.043909961101864459e-02 -7.861948242531796582e-02 -3.232436547938009885e-02
-4.043879764408173788e-02 -7.861925781554474080e-02 -3.232424063965903122e-02
-4.043850133780294009e-02 -7.861904343007242169e-02 -3.232410943293671096e-02
-4.043821141686169962e-02 -7.861883859133131369e-02 -3.232397888318390422e-02
-4.043793095791804043e-02 -7.861863871799076864e-02 -3.232385492080031009e-02
-4.043765913928228095e-02 -7.861844732321110474e-02 -3.232373956485665861e-02
-4.043739506146194068e-02 -7.861826686507474016e-02 -3.232363657741683244e-02
-4.043713871318568853e-02 -7.861809864533562953e-02 -3.232354836957099242e-02
-4.043689157368259013e-02 -7.861793668258476586e-02 -3.232347869447357858e-02
-4.043665253500347556e-02 -7.861778215887371690e-02 -3.232342464574226165e-02
-4.043641626606930134e-02 -7.861764079153608920e-02 -3.232338494649734939e-02
-4.043618421133082785e-02 -7.861750706684292322e-02 -3.232336011887768784e-02
-4.043595710847877611e-02 -7.861737529633934518e-02 -3.232334803041312515e-02
-4.043573378415124542e-02 -7.861724459606170279e-02 -3.232334372441975079e-02
-4.043551326793037859e-02 -7.861711470454434136e-02 -3.232334324883148757e-02
-4.043529718017781216e-02 -7.861698202495401300e-02 -3.232334344656513647e-02
-4.043508546145473809e-02 -7.861684683747557911e-02 -3.232333984653188580e-02
-4.043487783143823872e-02 -7.861670955940731897e-02 -3.232332964528087521e-02
-4.043467380705072223e-02 -7.861657235092389673e-02 -3.232331018308935017e-02
-4.043447385228193802e-02 -7.861643392099224026e-02 -3.232328176633238875e-02
-4.043427919745123944e-02 -7.861629323262928071e-02 -3.232324363844985005e-02
-4.043408964293002811e-02 -7.861615080763859065e-02 -3.232319622829779582e-02
-4.043390683395244045e-02 -7.861600558913070524e-02 -3.232314041186187814e-02
-4.043372858259293434e-02 -7.861586440310794344e-02 -3.232307595351564117e-02
-4.043355549551669315e-02 -7.861572684458550953e-02 -3.232300740136223594e-02
-4.043338890817106679e-02 -7.861559248920924059e-02 -3.232293687905059276e-02
-4.043322538152210183e-02 -7.861546730616077172e-02 -3.232286618077805096e-02
-4.043306640614285907e-02 -7.861534758632787723e-02 -3.232280017031503860e-02
-4.043291312181687691e-02 -7.861523090805698499e-02 -3.232274034663399492e-02
-4.043276376860541199e-02 -7.861511939234790136e-02 -3.232268711474731160e-02
-4.043261778912488752e-02 -7.861501419743502361e-02 -3.232264119684039733e-02
-4.043247569024011057e-02 -7.861491348028389059e-02 -3.232260391988579090e-02
-4.043233653098510239e-02 -7.861481862307143076e-02 -3.232257409741688681e-02
-4.043219732886513956e-02 -7.861473338530684807e-02 -3.232255111594214969e-02
-4.043205941921255986e-02 -7.861465282095304874e-02 -3.232253645694797839e-02
-4.043192397090935447e-02 -7.861457273916716559e-02 -3.232252850869442307e-02
-4.043179157781791322e-02 -7.861448960174774458e-02 -3.232252522764811342e-02
-4.043166273026126828e-02 -7.861440334513408734e-02 -3.232252267384977396e-02
-4.043153557010004118e-02 -7.861431846140179425e-02 -3.232251782452930794e-02
-4.043141275456273165e-02 -7.861423037591959428e-02 -3.232251123235426599e-02
-4.043129454921799704e-02 -7.861413995059633730e-02 -3.232249984173177909e-02
-4.043117860357813703e-02 -7.861405054687128913e-02 -3.232248270141371838e-02
-4.043106514492017522e-02 -7.861396256690447726e-02 -3.232245978934275565e-02
-4.043095275603342947e-02 -7.861387808359593388e-02 -3.232243164808742963e-02
-4.043084163124074926e-02 -7.861379625980136066e-02 -3.232239985452858844e-02
-4.043073235845340979e-02 -7.861371558060507858e-02 -3.232236575043367227e-02
-4.043062542286669087e-02 -7.861363532990009451e-02 -3.232233012294549734e-02
-4.043052239736497078e-02 -7.861355313485551832e-02 -3.232229418792743197e-02
-4.043042291718119963e-02 -7.861347200533896906e-02 -3.232225700388789008e-02
-4.043032580418988442e-02 -7.861339502175949956e-02 -3.232221983372825930e-02
-4.043023157100916753e-02 -7.861332245982012579e-02 -3.232218417730965687e-02
-4.043014120586159443e-02 -7.861325085749663877e-02 -3.232215234282546229e-02
-4.043005359666017318e-02 -7.861318240987208439e-02 -3.232212287528071076e-02
-4.042996554643474294e-02 -7.861312141365534023e-02 -3.232209632512629549e-02
-4.042987883059973725e-02 -7.861306387322691824e-02 -3.232207482614187638e-02
-4.042979435534901217e-02 -7.861300662301125286e-02 -3.232205838203766612e-02
-4.042970902333652139e-02 -7.861295539287965761e-02 -3.232204421556486573e-02
-4.042962340266617605e-02 -7.861290720699173895e-02 -3.232203460954644059e-02
-4.042954033174641498e-02 -7.861285758759262166e-02 -3.232202848569828285e-02
-4.042945991286589491e-02 -7.861280434311052057e-02 -3.232202480095816566e-02
-4.042938250287303470e-02 -7.861274867304315905e-02 -3.232202021592484043e-02
-4.042930556806627329e-02 -7.861269576250079494e-02 -3.232201323890358802e-02
-4.042922881934694901e-02 -7.861264746368615275e-02 -3.232200395202099868e-02
-4.042915368754129712e-02 -7.861259925963851036e-02 -3.232199451830282400e-02
-4.042908035315070231e-02 -7.861255058495701664e-02 -3.232198328602799153e-02
-4.042900636964620598e-02 -7.861250453903713409e-02 -3.232196981999421737e-02
-4.042893504767645224e-02 -7.861245505552040547e-02 -3.232195596802785870e-02
-4.042886618329855075e-02 -7.861240424440499308e-02 -3.232193948275021572e-02
-4.042879752226062606e-02 -7.861235684783740574e-02 -3.232192033051997648e-02
-4.042872954509104527e-02 -7.861231368001492248e-02 -3.232189983707231540e-02
-4.042866503769294850e-02 -7.861226803519830164e-02 -3.232188116578069148e-02
-4.042860362632586663e-02 -7.861222177640371511e-02 -3.232186169755502103e-02
-4.042854248118804561e-02 -7.861217878923870694e-02 -3.232184201760628095e-02
-4.042848626530322342e-02 -7.861213109967321588e-02 -3.232182449620402132e-02
-4.042843174586441268e-02 -7.861208648894200957e-02 -3.232180534059606036e-02
-4.042837644209373166e-02 -7.861204809139846206e-02 -3.232178688962729363e-02
-4.042832270747220152e-02 -7.861201251849370131e-02 -3.232177062054537170e-02
-4.042826991460502645e-02 -7.861197811473150110e-02 -3.232175746964605079e-02
-4.042821786238965515e-02 -7.861194497157258931e-02 -3.232174624982499245e-02
-4.042816614169900125e-02 -7.861191244085823093e-02 -3.232173741812159606e-02
-4.042811647297808730e-02 -7.861187820814921623e-02 -3.232173035992715743e-02
-4.042806921102560375e-02 -7.861184136753508744e-02 -3.232172441622572362e-02
-4.042802451341910575e-02 -7.861180297465428235e-02 -3.232171786312148382e-02
-4.042798122673603445e-02 -7.861176548883666571e-02 -3.232171008463875783e-02
-4.042793862230662644e-02 -7.861173093116431698e-02 -3.232170081837895670e-02
-4.042789513091420844e-02 -7.861170130493652652e-02 -3.232169068477390439e-02
-4.042785059918481416e-02 -7.861167546437386466e-02 -3.232168097081086072e-02
-4.042780656565320846e-02 -7.861164844818788189e-02 -3.232167305523119677e-02
-4.042776193593958234e-02 -7.861162261919944771e-02 -3.232166473599531326e-02
-4.042771664950567390e-02 -7.861159730805056256e-02 -3.232165720966580919e-02
-4.042767278096330574e-02 -7.861157099399676551e-02 -3.232164987279916718e-02
-4.042763104526966161e-02 -7.861154194146166563e-02 -3.232164326542746879e-02
-4.042759110548230228e-02 -7.861151337079447243e-02 -3.232163501826591095e-02
-4.042755121617633285e-02 -7.861148791160785243e-02 -3.232162615720092502e-02
-4.042751355337759200e-02 -7.861146229796875384e-02 -3.232161769235170762e-02
-4.042747701061888410e-02 -7.861143746319075587e-02 -3.232160923486512849e-02
-4.042744177948659479e-02 -7.861141229809347208e-02 -3.232160111473551811e-02
-4.042740725873074370e-02 -7.861138819483812212e-02 -3.232159263897989299e-02
-4.042737330519509398e-02 -7.861136496241422078e-02 -3.232158453828863631e-02
-4.042734075263233751e-02 -7.861134150340204352e-02 -3.232157685436419514e-02
-4.042730834331564882e-02 -7.861132008539692406e-02 -3.232156903317329188e-02
-4.042727631249581899e-02 -7.861129990725990169e-02 -3.232156195258806264e-02
-4.042724505305422128e-02 -7.861128025184752066e-02 -3.232155555738151081e-02
-4.042721434805360975e-02 -7.861126081278246858e-02 -3.232154988389507322e-02
-4.042718400727887684e-02 -7.861124222053897381e-02 -3.232154437743642306e-02
-4.042715426751654351e-02 -7.861122358290893730e-02 -3.232153954031767584e-02
